             VARIABLE : Mean low cloud amount (%)
             FILENAME : ISCCPMonthly_avg.nc
             FILEPATH : /usr/local/fer_data/data/
             SUBSET   : 24 by 24 points (LONGITUDE-LATITUDE)
             TIME     : 16-JUL-2000 00:00
              113.8W 111.2W 108.8W 106.2W 103.8W 101.2W 98.8W  96.2W  93.8W  91.2W  88.8W  86.2W  83.8W  81.2W  78.8W  76.2W  73.8W  71.2W  68.8W  66.2W  63.8W  61.2W  58.8W  56.2W  
               27     28     29     30     31     32     33     34     35     36     37     38     39     40     41     42     43     44     45     46     47     48     49     50
 36.2N / 51:  23.50  16.50  16.50  14.50  16.00  15.00  17.50  17.50  13.00  14.00  15.50  16.50  19.50  19.50  16.50  18.50  28.00  26.50  26.50  24.50  22.00  25.00  23.00  23.00
 33.8N / 50:  26.50  26.50  17.50  15.50  16.00  16.50  15.00  15.00  14.00  17.00  17.50  20.50  23.50  23.50  18.00  24.50  25.50  21.50  21.00  21.00  22.50  24.50  22.50  22.50
 31.2N / 49:  24.50  24.50  17.00  16.50  20.00  15.50  17.00  18.50  18.50  17.50  17.00  18.50  18.00  25.00  26.50  26.50  19.00  18.00  20.00  25.00  27.50  26.00  26.00  20.50
 28.8N / 48:  25.00  20.50  20.50  11.50  18.50  14.00  15.00  15.00  26.00  21.00  21.00  22.00  20.00  18.00  28.00  19.00  22.50  26.00  26.00  26.50  24.00  21.50  20.50  23.00
 26.2N / 47:  17.00  25.00  11.50  11.50  12.50  14.50  14.50  18.50  23.00  23.00  22.00  25.50  25.50  18.00  19.50  21.00  21.00  23.00  24.00  20.00  20.50  19.00  19.00  19.50
 23.8N / 46:  17.50  25.00  22.50   9.00   9.00  13.00  18.50  13.50  21.00  19.50  20.50  23.50  23.00  21.00  20.00  18.50  18.50  13.00  16.00  16.50  17.00  20.00  17.50  22.50
 21.2N / 45:  24.00  23.00  30.50  20.00   8.50  14.50  16.00  23.50  19.50  12.50  12.50  14.50  21.00  22.00  17.50  17.00  19.50  14.50  14.00  14.50  14.00  15.00  16.00  17.50
 18.8N / 44:  29.00  29.00  27.50  28.00  17.50  10.50  10.00  14.00  20.00  15.00  14.00  20.50  23.00  24.00  20.00  18.00  18.00  17.50  17.50  17.50  20.50  20.00  20.50  21.00
 16.2N / 43:  31.00  27.50  25.00  25.50  24.50  19.50  13.00  16.00  13.00  15.00  15.00  18.00  18.50  23.00  27.50  25.50  21.50  18.50  15.50  16.50  19.50  24.50  22.50  23.50
 13.8N / 42:  25.50  27.50  29.50  27.50  27.00  24.50  25.00  27.50  26.50  19.00  13.50  15.50  15.00  25.50  29.50  29.50  25.50  19.50  17.00  18.50  22.00  23.00  21.50  21.00
 11.2N / 41:  20.00  22.00  23.50  20.00  21.50  24.50  26.00  29.00  28.00  26.00  24.50  14.50  16.00  25.00  27.50  22.50  19.00  20.50  17.00  23.00  22.00  21.00  21.00  21.50
 8.8N  / 40:  21.00  19.50  19.50  18.50  20.50  22.50  25.50  23.50  24.50  24.00  24.00  23.50  13.50   8.00   9.00  10.00  10.00  10.00  12.00  13.50  15.50  15.00  17.00  19.00
 6.2N  / 39:  32.00  28.00  29.00  32.50  31.50  35.50  35.00  30.00  29.50  28.50  26.00  21.50  18.50  15.00  11.50   3.50   6.00  10.50  13.50  12.00  11.00  11.50  13.00  16.50
 3.8N  / 38:  45.00  44.00  53.00  57.50  49.50  52.50  54.50  52.50  52.50  48.50  45.00  42.50  40.50  31.50  18.00   4.00   8.50  13.00  11.00  11.00   9.50  12.50  14.50  12.00
 1.2N  / 37:  33.50  39.00  46.50  52.00  51.50  51.00  51.50  54.50  52.50  50.00  57.50  58.50  56.00  47.50  11.00   5.00  10.50  11.50  11.00  10.00  11.00  12.00  11.50  12.50
 1.2S  / 36:  27.00  32.00  33.50  40.00  44.50  46.00  44.00  39.50  35.50  44.50  48.50  43.50  41.00  23.50   6.00   7.50  12.00  12.50  11.50  13.00  12.50  13.50  13.50  13.50
 3.8S  / 35:  24.50  25.00  29.50  35.50  42.50  43.00  48.00  49.50  51.50  57.00  56.50  55.00  37.00  15.50   7.00  10.50  13.50  13.50  12.00  13.00  15.00  15.00  13.50  12.00
 6.2S  / 34:  27.50  32.00  34.00  36.00  39.50  50.00  54.00  57.50  61.00  65.50  69.00  72.00  67.50  38.50  12.50   8.50  13.50  12.50  13.50  14.50  15.00  13.00  14.00  14.50
 8.8S  / 33:  35.50  38.50  42.50  44.50  48.00  58.00  62.50  68.50  71.50  75.00  75.00  76.00  77.50  72.00  42.50  10.50  12.50  14.00  13.50  13.50  14.00  14.50  13.00  14.00
 11.2S / 32:  35.50  39.50  41.00  44.50  45.00  50.50  54.50  60.50  69.00  72.00  73.50  76.00  75.50  65.00  25.00   9.00  10.50  13.00  15.00  13.00  13.50  14.00  14.00  13.50
 13.8S / 31:  38.50  41.00  42.50  42.50  47.00  50.50  53.50  59.00  63.50  65.50  67.50  69.50  72.50  73.00  62.00  15.50   8.00   8.00  13.00  17.00  17.00  15.50  17.00  16.00
 16.2S / 30:  39.00  39.50  41.50  44.00  48.00  53.00  55.50  56.50  59.00  65.50  65.50  66.00  64.50  66.50  69.00  58.00  31.00  10.00   7.00  12.50  18.00  18.00  19.50  19.00
 18.8S / 29:  33.50  33.50  34.50  39.00  42.50  47.50  52.50  57.50  60.00  60.50  61.00  60.00  61.00  59.50  66.50  71.00  56.00  19.00   5.00   5.00   7.00  18.50  22.50  20.50
 21.2S / 28:  34.50  36.50  40.50  38.00  45.50  48.00  53.50  57.00  60.00  61.00  61.00  59.50  60.50  59.50  61.50  69.00  67.00  41.50  10.00   ....  19.00  26.50  26.50  16.00
