             VARIABLE : Mean high cloud amount (%)
             FILENAME : ISCCPMonthly_avg.nc
             FILEPATH : /usr/local/fer_data/data/
             SUBSET   : 24 by 24 points (LONGITUDE-LATITUDE)
             TIME     : 16-MAR-1999 00:00
              113.8W 111.2W 108.8W 106.2W 103.8W 101.2W 98.8W  96.2W  93.8W  91.2W  88.8W  86.2W  83.8W  81.2W  78.8W  76.2W  73.8W  71.2W  68.8W  66.2W  63.8W  61.2W  58.8W  56.2W  
               27     28     29     30     31     32     33     34     35     36     37     38     39     40     41     42     43     44     45     46     47     48     49     50
 36.2N / 51:   6.50   9.50   9.50  16.50  11.00  11.50  14.00  14.00  15.00  16.00  15.50  17.50  15.00  15.00  10.50   9.00   9.00  11.50  11.50  11.50  12.50  13.00  15.00  15.00
 33.8N / 50:   5.00   5.00   9.50  13.50   8.50   9.50  11.50  11.50  15.50  14.50  14.50  13.50  10.50  10.50   9.00   8.00   8.50   9.00   8.50   8.50   8.50  11.00  15.00  17.50
 31.2N / 49:   4.00   4.00   6.00   9.00  10.50  10.50  12.50  14.50  14.50  14.00  13.00  10.00   7.50   6.50   7.50   7.50   7.50   8.00   7.00   7.00   9.50  15.00  15.00  17.50
 28.8N / 48:   4.50   5.00   5.00   8.50   8.50   8.00   8.50   9.50   6.00   6.00   6.00   6.50   7.00   6.50   4.50   4.50   5.50   4.50   4.50   6.00  10.00  10.50  11.50   9.00
 26.2N / 47:   3.00   5.00   3.00   3.00   5.50   4.00   6.50   8.00   6.00   4.50   5.00   6.00   6.00   5.00   2.50   2.50   2.50   2.50   5.00   8.00   8.50   6.50   6.50   6.00
 23.8N / 46:   3.00   2.50   2.50   3.50   3.50   6.00   7.50   8.50   5.00   3.50   2.50   2.50   2.50   2.00   1.50   1.50   1.50   1.50   2.50   4.00   3.00   2.00   2.00   2.00
 21.2N / 45:   5.00   4.00   3.50   4.00   5.50   7.50   6.50   3.00   2.50   2.00   2.00   2.00   1.00   0.50   0.50   1.00   2.00   1.00   1.50   1.50   0.50   0.50   0.50   1.00
 18.8N / 44:   5.00   5.00   5.00   4.00   3.50   3.50   4.50   5.00   1.50   1.00   1.50   1.00   0.50   0.50   1.00   1.50   0.50   1.00   0.50   0.50   0.50   0.50   0.50   1.00
 16.2N / 43:   6.50   4.50   4.50   3.00   2.50   2.00   1.50   1.50   1.00   2.50   2.50   2.00   1.50   1.50   1.50   1.00   0.50   0.50   1.00   1.50   1.50   1.00   1.50   2.00
 13.8N / 42:   8.00   5.00   4.00   2.50   2.00   1.00   1.00   0.50   0.50   2.00   2.50   1.50   2.50   2.00   2.00   1.50   1.50   2.50   2.50   2.00   2.00   3.00   3.00   3.50
 11.2N / 41:   9.50   6.00   4.50   3.50   1.00   1.00   0.50   0.50   1.50   2.00   2.00   4.00   4.50   5.00   4.50   7.00  11.50   9.50   4.50   3.00   4.00   3.50   3.50   3.00
 8.8N  / 40:  11.00   6.50   3.50   1.00   0.50   0.50   0.50   1.00   1.00   2.50   2.50   5.00   9.50  10.50   7.50  17.50  20.50  18.50  12.00   7.50   5.50   4.50   5.50   4.50
 6.2N  / 39:   5.00   3.00   4.50   4.50   2.00   1.50   1.50   3.00   3.50   7.00  12.50  16.00  16.00   9.50  17.00  39.00  28.00  17.00  16.50  16.00  12.00  10.50  10.50   9.00
 3.8N  / 38:   0.50   1.00   1.00   1.50   1.00   1.50   4.00   6.50   9.00  13.50  21.50  18.50  10.50  11.00  28.50  38.50  20.50  22.00  28.50  27.00  17.00  14.00  17.00  19.00
 1.2N  / 37:   1.00   0.50   1.00   0.50   1.50   2.50   4.00   4.00   3.00   5.50   7.50   4.50   7.00  19.00  42.00  37.50  28.50  30.50  35.50  31.50  21.50  21.50  28.50  28.50
 1.2S  / 36:   3.50   6.50   9.00  10.00   8.50   6.00   6.00   6.00   3.50   3.50   7.00   7.50   6.50  18.50  38.00  33.50  35.00  37.00  39.00  33.50  31.50  37.00  42.00  44.50
 3.8S  / 35:  25.50  26.50  24.50  24.00  21.00  13.50   9.00  11.00  12.00  11.50  16.00  12.00   5.00  13.50  37.00  37.00  39.00  43.00  44.50  38.00  39.50  39.50  42.00  45.50
 6.2S  / 34:  28.50  24.50  26.00  25.00  25.00  22.00  18.00  15.50  15.50  19.50  16.00   8.50   3.50   6.00  23.50  38.00  34.50  43.50  47.50  46.50  44.50  41.50  40.50  40.50
 8.8S  / 33:  12.50  14.00  13.00  12.50  11.50   8.00   6.50   6.00   7.50   5.00   5.00   2.50   2.50   3.50   8.50  43.00  42.50  39.50  41.50  43.00  42.00  40.50  39.00  38.00
 11.2S / 32:   4.50   3.50   4.50   4.00   4.00   1.50   1.50   2.00   2.00   1.50   1.50   1.00   1.50   3.00  16.50  50.00  45.50  38.00  37.00  40.50  43.50  40.50  40.50  41.00
 13.8S / 31:   2.00   2.50   2.00   2.50   1.00   0.50   0.50   0.50   0.50   0.50   0.00   0.00   0.50   1.00   1.50  18.00  45.00  49.00  39.50  34.00  39.50  46.50  45.50  42.00
 16.2S / 30:   1.50   2.50   2.00   1.00   0.50   0.00   0.50   0.00   0.50   0.50   0.50   0.00   0.00   0.50   0.00   1.50   9.00  34.00  48.50  43.50  32.00  37.50  43.50  46.50
 18.8S / 29:   2.50   2.50   1.50   1.50   1.00   0.50   0.50   0.00   0.00   0.00   0.00   0.00   0.00   0.00   0.00   1.00   2.50  18.00  45.00  45.00  36.50  24.00  31.50  34.00
 21.2S / 28:   1.00   1.50   0.50   1.00   0.50   0.50   0.00   0.00   0.00   0.00   0.00   0.00   0.00   0.00   0.00   0.00   0.50   1.00  15.00  30.50  26.50  31.50  30.50  28.00
