             VARIABLE : Mean low cloud amount (%)
             FILENAME : ISCCPMonthly_avg.nc
             FILEPATH : /usr/local/fer_data/data/
             SUBSET   : 24 by 24 points (LONGITUDE-LATITUDE)
             TIME     : 16-MAR-1995 00:00
              113.8W 111.2W 108.8W 106.2W 103.8W 101.2W 98.8W  96.2W  93.8W  91.2W  88.8W  86.2W  83.8W  81.2W  78.8W  76.2W  73.8W  71.2W  68.8W  66.2W  63.8W  61.2W  58.8W  56.2W  
               27     28     29     30     31     32     33     34     35     36     37     38     39     40     41     42     43     44     45     46     47     48     49     50
 36.2N / 51:  18.00  16.00  16.00  14.00  22.00  30.00  27.00  27.00  27.50  27.00  25.50  26.00  26.50  26.50  26.00  34.50  50.50  49.00  49.00  52.00  54.50  51.00  48.00  48.00
 33.8N / 50:  22.00  22.00  15.50  15.00  27.00  29.00  24.50  24.50  27.50  25.00  22.50  21.50  24.50  24.50  26.00  38.50  42.00  45.50  48.00  48.00  49.50  47.00  45.50  40.50
 31.2N / 49:  22.00  22.00  15.50  15.00  24.00  28.50  26.00  26.00  26.00  23.00  21.50  20.00  19.50  31.00  39.00  39.00  35.00  40.50  44.00  49.50  46.50  43.50  43.50  40.00
 28.8N / 48:  26.50  16.50  16.50  12.50  19.50  25.00  25.00  25.50  28.00  28.00  28.00  32.50  28.50  26.00  39.50  32.50  35.50  39.00  39.00  40.00  42.00  41.00  35.50  33.50
 26.2N / 47:  20.00  20.00  14.50  14.50  13.00  22.50  30.50  30.00  36.00  38.00  37.00  39.00  39.00  23.50  28.00  34.50  35.50  36.50  42.00  38.00  34.50  33.00  33.00  34.00
 23.8N / 46:  22.00  18.00  15.50  12.00  12.00  10.50  27.00  29.00  29.00  26.00  26.00  28.50  23.50  22.00  19.50  28.00  28.00  26.00  29.00  28.00  26.50  25.50  25.50  26.00
 21.2N / 45:  35.50  25.00  16.50  18.50   9.00  15.00  29.00  28.50  27.00  19.00  19.00  18.50  18.50  17.50  16.50  20.50  20.50  18.50  22.00  23.00  24.00  24.50  26.50  28.50
 18.8N / 44:  40.00  40.00  29.50  20.00  14.00  13.50  13.50  24.50  27.50  20.00  16.00  16.50  19.50  17.00  18.00  20.00  23.00  21.00  18.50  18.50  20.00  21.50  25.00  29.00
 16.2N / 43:  37.00  31.50  25.00  17.50  13.50   8.00   8.50  15.00  21.00  21.00  21.00  17.50  18.00  17.00  21.50  20.00  19.00  18.50  18.50  19.00  22.50  29.00  29.50  34.50
 13.8N / 42:  27.00  25.00  20.00  19.00  23.50  12.50   8.00  13.50  10.00  14.50  19.50  25.50  22.00  27.00  25.50  21.50  19.50  20.00  20.00  21.00  24.50  30.00  28.50  30.50
 11.2N / 41:  29.50  25.50  23.50  22.50  21.50  14.50  12.50  12.50  12.00  13.50  16.00  23.00  23.50  24.50  24.50  16.50  16.50  16.50  20.00  21.50  22.50  28.50  28.50  34.00
 8.8N  / 40:  28.50  24.50  24.50  23.50  18.50  19.50  18.00  18.00  15.00  15.50  15.50  19.50  22.00  20.50  23.50  19.50  21.00  15.50  19.50  20.50  23.00  23.00  25.00  32.00
 6.2N  / 39:  29.00  26.50  31.00  33.50  31.00  32.00  32.00  28.00  28.00  26.50  26.50  29.50  31.50  38.00  33.50  13.00  11.00  15.50  20.50  19.50  19.00  20.00  20.50  25.00
 3.8N  / 38:  23.50  23.50  26.00  25.50  32.50  34.50  29.50  31.00  30.50  28.00  33.00  42.00  37.50  38.00  40.00   9.00  10.50  16.00  17.50  16.50  15.50  22.00  19.50  13.50
 1.2N  / 37:  12.50  12.50  13.00  12.00  21.00  26.50  22.50  20.50  23.00  24.50  33.00  38.00  39.50  39.50  16.00   5.50   9.00  11.50  11.50  13.00  15.50  18.00  13.50  12.00
 1.2S  / 36:  16.00  18.00  17.50  16.00  18.50  20.00  17.00  21.00  26.50  31.50  27.50  33.00  39.00  28.50   7.50   6.50   7.50   7.00   8.00  11.00  11.50  11.50  11.50  12.50
 3.8S  / 35:  35.50  34.50  32.00  29.50  34.50  33.00  31.50  31.00  32.00  34.50  33.00  32.50  41.50  27.50   5.50   5.50   6.00   6.00   6.50   8.50   9.00   8.50   9.00   9.50
 6.2S  / 34:  30.50  32.50  35.50  33.00  34.00  36.50  37.50  38.00  36.00  38.00  38.50  41.00  31.00  28.50  12.00   4.50   5.00   6.50   6.50   8.00   7.50   8.00   8.00   8.00
 8.8S  / 33:  20.50  19.50  21.50  23.00  28.50  29.50  27.50  28.50  30.50  35.50  35.50  42.00  41.50  35.50  25.50   5.50   4.50   6.00   8.00   8.00   8.00   9.50   9.00   7.50
 11.2S / 32:  25.00  22.50  23.50  22.00  26.50  27.50  28.00  30.50  34.00  35.00  41.00  47.00  49.50  34.00  15.50   4.00   3.00   5.50   7.50   8.50   9.00   9.50   9.50   8.00
 13.8S / 31:  31.00  33.00  37.00  34.00  33.00  34.00  30.00  32.50  38.50  43.50  49.00  49.50  58.50  53.00  34.50  10.50   1.00   3.50   7.00  10.00   9.50   8.50  10.50  11.50
 16.2S / 30:  34.50  36.00  39.50  41.00  43.00  42.50  42.50  44.50  43.50  45.00  45.00  48.50  55.00  55.50  50.50  40.00  21.50   7.50   8.00   8.50  11.00  12.00  12.50  14.50
 18.8S / 29:  30.50  30.50  32.50  36.00  37.00  39.00  40.50  44.50  49.50  53.50  57.50  53.00  56.00  56.00  53.50  47.50  42.50  13.00   ....   ....   9.00  16.50  16.00  16.50
 21.2S / 28:  25.50  30.50  31.50  31.50  42.00  42.00  44.00  48.50  52.50  61.50  61.50  59.50  59.00  60.50  61.50  54.50  54.50  33.00   7.50   9.00  18.00  17.50  16.50  18.00
