             VARIABLE : Mean high cloud amount (%)
             FILENAME : ISCCPMonthly_avg.nc
             FILEPATH : /usr/local/fer_data/data/
             SUBSET   : 24 by 24 points (LONGITUDE-LATITUDE)
             TIME     : 16-MAR-1996 00:00
              113.8W 111.2W 108.8W 106.2W 103.8W 101.2W 98.8W  96.2W  93.8W  91.2W  88.8W  86.2W  83.8W  81.2W  78.8W  76.2W  73.8W  71.2W  68.8W  66.2W  63.8W  61.2W  58.8W  56.2W  
               27     28     29     30     31     32     33     34     35     36     37     38     39     40     41     42     43     44     45     46     47     48     49     50
 36.2N / 51:   9.00  10.00  10.00  10.00  10.50  10.00   8.50   8.50  10.00  11.50  15.50  17.50  19.00  19.00  20.00  21.00  21.00  25.00  25.00  26.50  25.00  29.00  26.00  26.00
 33.8N / 50:   8.00   8.00   7.50   8.00   8.00   6.50   6.50   6.50   8.50  12.00  15.50  18.50  21.50  21.50  21.50  22.00  20.00  22.00  21.50  21.50  25.50  24.00  19.00  18.00
 31.2N / 49:   6.00   6.00   5.00   5.00   5.50   5.00   5.50   7.50   7.50  10.00  14.00  18.50  22.50  20.00  18.50  18.50  14.50  13.50  14.00  17.00  16.00  13.50  13.50  11.50
 28.8N / 48:   3.50   3.50   3.50   5.50   6.50   5.50   5.00   7.50   8.50   9.50   9.50  16.50  17.50  16.00  14.50   9.50   9.00   9.50   9.50  10.00   9.50   8.00   6.00   4.50
 26.2N / 47:   2.00   1.50   2.00   2.00   5.00   4.50   5.50   8.00   7.00   6.50   8.00   7.50   7.50   7.50   8.00   6.50   5.00   5.00   6.00   5.50   3.00   3.00   3.00   1.00
 23.8N / 46:   1.50   1.50   1.50   2.50   2.50   4.50   5.00   6.00   5.00   4.50   2.50   2.50   3.00   4.50   4.00   3.50   3.50   2.50   4.00   3.50   2.00   1.00   0.50   0.50
 21.2N / 45:   1.50   1.50   1.50   1.00   1.50   2.50   3.00   4.50   2.50   1.50   1.50   2.00   2.00   2.50   3.00   2.50   1.50   2.50   2.50   1.00   0.50   0.00   0.00   0.00
 18.8N / 44:   1.50   1.50   0.50   0.50   0.50   0.50   1.00   1.00   1.00   0.50   1.50   1.50   2.00   2.50   2.00   1.00   2.00   2.00   0.50   0.50   0.00   0.00   0.00   0.00
 16.2N / 43:   0.50   0.50   0.00   0.00   0.00   0.00   0.00   0.50   1.00   2.00   2.00   1.00   1.50   1.00   0.50   0.50   1.00   0.50   0.50   0.00   0.00   0.50   0.50   0.50
 13.8N / 42:   0.50   0.50   0.00   0.50   0.50   0.00   0.00   0.00   0.00   0.00   0.50   0.50   0.50   0.50   0.50   1.50   2.00   0.50   0.50   0.50   0.50   1.50   1.00   1.00
 11.2N / 41:   0.00   0.50   0.00   0.00   0.00   0.00   0.00   0.00   0.00   0.00   0.00   0.50   2.00   1.50   1.50   6.50   6.50   3.00   1.00   1.00   1.00   2.50   2.50   1.50
 8.8N  / 40:   0.50   1.00   0.50   0.50   0.00   0.00   0.00   0.00   0.00   1.00   1.00   1.00   6.50  11.50   5.00  11.00  21.00  13.00   5.00   1.50   1.50   4.50   2.50   1.00
 6.2N  / 39:   2.00   2.00   2.50   1.00   0.50   0.50   1.00   3.50   4.00   3.50   7.50  10.00  16.50  12.50  13.00  33.50  34.00  14.50  12.00  10.50   5.00   8.50   6.00   6.50
 3.8N  / 38:   2.00   2.00   2.50   1.50   2.50   2.50   3.00   8.00  10.50  16.50  18.00  14.50   7.00   6.50  22.00  40.50  33.50  25.50  28.00  23.50  18.50  15.50  15.50  22.50
 1.2N  / 37:   1.50   3.50   3.00   2.00   2.50   3.00   4.00   6.00   5.50   9.50  10.00   4.50   3.00  13.50  38.00  48.50  42.50  41.50  37.50  31.00  22.50  29.50  33.00  37.50
 1.2S  / 36:   4.00   7.50   6.50   2.00   2.00   3.50   4.00   4.50   4.00   4.50   2.50   1.50   3.50  16.50  41.00  48.50  48.00  47.50  41.50  39.50  34.00  43.00  46.00  47.00
 3.8S  / 35:  10.00  12.50  11.50   9.00   7.00   7.00   6.00   6.50   6.50   9.50   5.50   3.00   4.50  15.00  41.00  44.00  47.00  47.50  47.50  52.00  48.00  51.50  49.50  47.50
 6.2S  / 34:   7.50   7.50   9.50   9.50   7.50  13.00   7.50   9.00   9.50  10.00  10.50   4.50   4.00  11.50  31.00  41.50  43.00  42.50  44.50  47.50  48.50  57.00  55.00  50.50
 8.8S  / 33:   3.50   3.00   3.00   4.00   5.00   3.00   5.50   7.50   9.00   6.00   6.00   2.50   2.50   6.00  17.00  44.00  46.00  44.00  43.00  45.00  47.00  54.00  55.00  54.50
 11.2S / 32:   1.00   1.00   2.00   3.00   1.00   0.50   1.50   2.50   1.50   0.50   0.50   1.50   3.00   6.00  22.50  45.00  41.00  38.00  41.00  41.50  48.50  52.00  52.00  54.00
 13.8S / 31:   1.00   0.50   1.00   2.00   1.50   0.00   0.50   1.00   0.50   0.50   1.00   1.00   1.00   1.00   3.00  23.00  41.50  40.50  31.50  28.50  33.50  46.50  49.50  46.50
 16.2S / 30:   0.50   0.00   1.00   2.50   1.50   1.50   1.00   0.50   0.00   0.50   0.50   0.50   0.00   0.00   0.00   1.00   7.50  15.00  20.50  19.00  22.00  33.50  35.50  41.00
 18.8S / 29:   0.00   0.00   0.00   1.00   2.50   2.00   3.50   1.00   0.50   0.50   0.00   0.00   0.00   0.00   0.00   0.00   0.50   3.00   9.50   9.50  13.50  18.50  22.50  29.50
 21.2S / 28:   0.50   0.00   0.00   1.50   2.00   2.50   4.00   1.50   0.50   0.00   0.00   0.00   0.00   0.00   0.00   0.00   0.00   0.00   2.50   7.50   9.00  11.00  17.00  27.00
