             VARIABLE : Mean low cloud amount (%)
             FILENAME : ISCCPMonthly_avg.nc
             FILEPATH : /usr/local/fer_data/data/
             SUBSET   : 24 by 24 points (LONGITUDE-LATITUDE)
             TIME     : 16-FEB-1999 00:00
              113.8W 111.2W 108.8W 106.2W 103.8W 101.2W 98.8W  96.2W  93.8W  91.2W  88.8W  86.2W  83.8W  81.2W  78.8W  76.2W  73.8W  71.2W  68.8W  66.2W  63.8W  61.2W  58.8W  56.2W  
               27     28     29     30     31     32     33     34     35     36     37     38     39     40     41     42     43     44     45     46     47     48     49     50
 36.2N / 51:  13.50   9.50   9.50   8.50  16.50  22.50  31.50  31.50  35.00  36.00  32.50  26.50  24.50  24.50  25.50  31.50  50.50  45.00  45.00  43.00  43.00  45.00  41.00  41.00
 33.8N / 50:  14.00  14.00   8.50   8.50  14.00  23.00  31.00  31.00  34.00  30.50  28.50  26.00  23.00  23.00  25.50  35.00  43.50  47.00  43.00  43.00  44.50  43.50  40.00  37.00
 31.2N / 49:  21.50  21.50  12.50  11.50  15.50  21.00  29.50  29.00  29.00  25.00  23.50  23.50  22.50  36.50  34.50  34.50  36.50  42.00  45.00  43.00  43.00  39.50  39.50  40.50
 28.8N / 48:  19.00  14.50  14.50  10.50  13.50  17.50  23.00  24.00  24.50  27.00  27.00  26.50  19.50  28.00  34.00  36.50  42.50  44.00  44.00  41.50  39.00  37.50  40.00  36.00
 26.2N / 47:  16.00  19.50  11.50  11.50  10.50  11.50  21.50  26.00  29.00  24.50  31.50  33.50  33.50  16.00  30.50  29.50  33.00  35.50  35.50  35.00  34.50  36.50  36.50  36.50
 23.8N / 46:  24.50  18.00  15.00  11.50  11.50   8.50  14.50  24.00  27.50  24.50  23.50  26.50  22.50  20.50  20.50  26.50  26.50  31.00  37.00  34.50  30.50  32.50  33.00  31.50
 21.2N / 45:  34.00  20.00  16.50  15.50   9.50   9.50  17.00  24.50  22.00  15.50  15.50  18.00  20.00  21.00  14.50  20.50  24.50  28.00  32.00  34.50  34.50  34.50  36.00  33.50
 18.8N / 44:  29.50  29.50  21.00  19.50  17.00  14.00  11.00  14.00  17.50  14.00  14.00  23.00  23.50  24.00  20.00  21.50  23.50  25.00  28.00  28.00  34.00  32.50  34.00  31.50
 16.2N / 43:  33.50  29.50  25.00  22.50  17.50  13.50  10.50  19.00  14.00  15.50  15.50  23.00  24.00  24.50  25.00  23.50  23.00  25.50  31.00  30.00  31.00  36.50  34.50  37.00
 13.8N / 42:  29.50  25.00  21.50  19.50  17.00  17.00  12.50  20.00  18.50  12.00  15.00  23.50  25.00  24.50  20.50  22.50  23.50  27.00  29.00  29.00  29.00  35.00  38.50  37.00
 11.2N / 41:  25.50  23.00  21.00  21.50  20.50  16.00  11.50  10.50  12.50  11.50   9.50  18.00  27.50  24.00  27.00  19.00  18.50  25.00  27.50  27.00  33.50  38.50  38.50  37.50
 8.8N  / 40:  24.50  25.00  22.50  18.00  19.00  15.50  13.50  13.00  11.50   9.50   9.50  16.00  19.00  18.00  21.50  19.50  13.00  10.00  13.50  22.00  27.50  25.00  29.50  34.00
 6.2N  / 39:  26.50  26.00  24.50  24.50  23.00  22.50  20.50  16.50  18.00  20.00  24.00  24.00  25.00  21.00  22.50   4.00   4.00   9.00  16.00  17.50  16.00  15.50  16.00  22.50
 3.8N  / 38:  34.00  34.00  32.00  32.00  29.00  27.00  27.50  29.50  27.50  28.00  24.50  26.50  26.50  23.00  18.50   1.50   5.00  11.00   9.00   9.00   9.50  15.50  17.00  10.00
 1.2N  / 37:  32.50  31.50  33.00  32.50  32.00  30.00  26.00  25.50  25.50  25.50  25.50  25.00  24.50  20.50   5.50   2.50   6.50   5.50   5.00   6.50  10.00  12.50   9.50   8.00
 1.2S  / 36:  21.50  22.50  25.00  29.50  32.00  31.50  25.50  23.50  20.00  22.00  25.00  23.50  26.00  17.00   2.00   2.00   3.50   4.50   5.50   6.50   7.00   6.50   6.00   8.00
 3.8S  / 35:  29.00  33.00  32.50  29.00  33.00  35.50  36.50  35.00  33.00  33.00  31.00  24.50  23.00  16.50   1.50   2.00   3.50   4.00   4.50   5.00   4.00   4.00   5.50   5.50
 6.2S  / 34:  25.50  29.50  27.00  27.50  33.00  33.00  35.00  36.00  33.50  35.00  37.00  35.50  30.50  20.50   6.00   1.00   3.00   4.00   3.00   3.50   3.50   4.00   5.00   5.50
 8.8S  / 33:  28.50  30.00  28.50  29.50  33.00  32.00  29.00  30.50  30.50  32.00  32.00  36.00  40.00  31.00  17.50   2.00   3.00   3.50   3.50   4.00   3.50   4.50   5.50   4.50
 11.2S / 32:  38.50  38.50  42.00  42.00  42.00  41.50  41.50  42.00  39.00  40.50  36.50  42.00  40.50  28.00  12.00   1.00   2.00   2.00   4.50   5.00   5.50   6.00   6.00   6.00
 13.8S / 31:  33.00  35.00  38.00  43.50  48.00  45.50  44.50  51.00  51.00  54.00  51.00  48.50  46.50  41.00  27.50   9.50   1.50   1.00   4.00   8.50   6.50   7.50   8.50   9.50
 16.2S / 30:  36.00  33.00  33.00  38.00  39.00  42.00  39.00  43.50  51.00  50.50  50.50  45.50  48.00  46.00  41.00  30.00  16.00   5.50   3.00   4.00   8.00   8.00   9.50  11.00
 18.8S / 29:  35.00  35.00  35.50  38.00  37.50  37.50  39.00  43.50  46.50  49.00  46.50  45.00  44.00  43.00  49.00  44.50  37.00  13.50   6.00   6.00   8.00  13.00  13.50  10.50
 21.2S / 28:  35.50  38.50  41.00  43.00  41.50  41.50  42.00  50.50  53.00  51.50  51.50  48.50  47.00  43.00  36.50  38.50  42.50  30.00  13.50   ....  13.50  19.50  14.00  11.50
