             VARIABLE : Mean low cloud amount (%)
             FILENAME : ISCCPMonthly_avg.nc
             FILEPATH : /usr/local/fer_data/data/
             SUBSET   : 24 by 24 points (LONGITUDE-LATITUDE)
             TIME     : 16-DEC-1996 00:00
              113.8W 111.2W 108.8W 106.2W 103.8W 101.2W 98.8W  96.2W  93.8W  91.2W  88.8W  86.2W  83.8W  81.2W  78.8W  76.2W  73.8W  71.2W  68.8W  66.2W  63.8W  61.2W  58.8W  56.2W  
               27     28     29     30     31     32     33     34     35     36     37     38     39     40     41     42     43     44     45     46     47     48     49     50
 36.2N / 51:   7.50   5.00   5.00   5.00   9.50  17.50  23.50  23.50  32.00  29.00  28.50  23.50  18.00  18.00  16.50  30.00  50.50  40.50  40.50  38.50  42.00  44.50  47.00  47.00
 33.8N / 50:  10.50  10.50   7.00   4.50  10.00  18.00  24.00  24.00  28.00  30.50  23.50  22.00  16.50  16.50  25.50  46.00  42.00  34.50  36.00  36.00  38.50  41.50  44.00  42.50
 31.2N / 49:   8.50   8.50   6.50   6.00  10.50  14.00  21.50  27.50  27.50  23.50  22.50  23.00  19.00  41.50  45.50  45.50  38.00  34.50  36.00  37.00  37.00  44.50  44.50  40.00
 28.8N / 48:  13.50   8.00   8.00   4.50   8.00  11.00  24.00  29.00  27.50  30.50  30.50  30.50  23.50  25.00  45.00  41.00  36.50  40.00  40.00  41.00  38.50  35.50  36.00  35.50
 26.2N / 47:  14.50  13.00   7.00   7.00   5.50   6.50  21.00  34.00  32.00  32.50  32.50  34.00  34.00  21.00  35.50  44.50  40.00  34.50  37.00  38.00  40.00  37.50  37.50  33.50
 23.8N / 46:  20.00  15.00  13.00   7.00   7.00   4.50   9.50  28.50  32.50  29.50  27.00  27.00  29.00  32.50  30.50  37.00  37.00  35.00  34.00  32.00  36.50  37.00  35.00  34.00
 21.2N / 45:  24.50  21.00  19.00  14.50   7.00   6.00  17.00  35.00  33.50  17.00  17.00  23.00  29.00  30.50  21.00  22.50  33.50  33.50  35.50  35.00  30.00  30.00  31.00  28.50
 18.8N / 44:  25.00  25.00  20.50  20.00  17.00  13.00  10.50  14.00  30.00  20.50  21.00  34.50  29.00  27.00  20.50  24.50  26.50  34.00  33.50  33.50  37.50  31.50  30.50  28.50
 16.2N / 43:  23.50  21.50  21.00  24.00  21.50  18.50  12.00  20.50  16.50  22.50  22.50  32.50  29.50  27.00  25.00  28.00  27.50  26.00  34.50  32.00  30.00  33.00  28.00  24.50
 13.8N / 42:  23.50  23.00  20.50  23.50  26.00  22.00  19.00  18.50  17.00   9.00  14.00  20.50  27.50  33.50  32.00  30.50  31.00  31.00  31.50  27.00  25.00  27.50  25.50  24.50
 11.2N / 41:  21.50  24.00  23.50  23.00  22.50  19.00  17.50  14.00  15.00  13.50  11.50  16.50  34.50  30.50  26.50  18.50  20.50  22.50  23.00  22.00  21.00  26.00  26.00  27.50
 8.8N  / 40:  32.50  29.00  28.50  29.00  30.00  29.50  27.50  26.00  22.50  20.00  20.00  21.50  22.00  23.50  20.00  16.00  13.50  15.00  15.50  16.00  16.50  20.00  23.50  29.50
 6.2N  / 39:  50.00  54.00  54.00  55.50  53.50  52.50  50.00  50.50  47.00  44.00  44.00  40.50  35.00  29.00  24.00   8.50   9.00  12.50  13.50  14.00  16.50  15.00  15.00  19.50
 3.8N  / 38:  56.00  54.50  59.50  63.50  62.50  64.50  66.50  70.00  70.00  66.00  62.50  60.00  53.50  48.50  35.50   5.00   8.50  12.50  11.50  12.50  13.00  15.50  19.00  13.00
 1.2N  / 37:  42.00  38.50  35.00  39.50  41.50  39.00  42.50  52.50  51.50  47.50  53.00  60.50  55.50  46.00  17.00   6.50  12.00  10.50  10.50  10.50  12.50  14.00  15.50  14.00
 1.2S  / 36:  32.00  30.50  33.00  31.50  28.00  25.00  26.50  29.00  30.50  32.50  44.00  40.00  37.00  27.00  15.50   8.50   9.50  10.00   9.50   9.00  11.00  12.00  12.50  12.00
 3.8S  / 35:  33.50  34.50  36.50  38.00  36.00  34.50  36.00  38.50  36.50  36.50  40.00  35.50  24.50  20.00  12.50   9.50   9.50  10.00   8.00   9.50   9.00   9.50  10.00  11.00
 6.2S  / 34:  31.00  37.50  42.50  42.50  39.50  40.50  42.00  44.00  48.50  48.00  45.50  40.50  32.00  20.50  18.00   9.00  11.00   9.50   8.50   8.00   8.50   9.50   9.00   9.50
 8.8S  / 33:  34.00  41.00  45.00  45.50  48.00  50.00  50.00  52.50  54.00  56.00  56.00  53.00  42.00  38.00  19.00   9.50   9.50   9.50   8.00   8.00   8.00   8.50   8.00   7.00
 11.2S / 32:  32.00  40.00  45.50  52.00  54.50  57.00  54.50  55.50  53.00  54.50  59.00  57.00  50.50  40.00  19.00   6.50   7.00   8.00   9.50  10.00   8.50   8.00   8.00   7.00
 13.8S / 31:  42.00  48.50  47.00  48.50  52.00  56.50  57.50  60.00  60.00  60.50  58.50  63.00  57.00  51.50  35.50  13.50   6.00   4.00   8.00  13.50  12.50  10.00   8.00   9.50
 16.2S / 30:  42.00  45.50  50.50  52.50  56.50  57.50  54.50  59.50  58.50  58.00  58.00  58.50  57.50  56.50  51.50  42.00  23.00  11.00   ....   7.00  11.50  12.50  13.50  11.50
 18.8S / 29:  39.50  39.50  40.00  42.50  45.50  51.00  54.50  57.00  59.00  60.50  57.50  56.00  55.00  47.50  39.00  38.50  37.00  21.00   ....   ....   5.50  12.50  17.50  16.50
 21.2S / 28:  33.50  37.00  43.00  43.50  43.00  46.00  51.00  56.50  58.00  58.00  58.00  56.00  57.50  51.50  49.50  45.50  42.00  42.50  17.50  11.00  11.50  20.00  19.00  14.00
