             VARIABLE : Mean low cloud amount (%)
             FILENAME : ISCCPMonthly_avg.nc
             FILEPATH : /usr/local/fer_data/data/
             SUBSET   : 24 by 24 points (LONGITUDE-LATITUDE)
             TIME     : 16-APR-1995 00:00
              113.8W 111.2W 108.8W 106.2W 103.8W 101.2W 98.8W  96.2W  93.8W  91.2W  88.8W  86.2W  83.8W  81.2W  78.8W  76.2W  73.8W  71.2W  68.8W  66.2W  63.8W  61.2W  58.8W  56.2W  
               27     28     29     30     31     32     33     34     35     36     37     38     39     40     41     42     43     44     45     46     47     48     49     50
 36.2N / 51:  24.00  18.00  18.00  15.00  23.00  29.50  29.50  29.50  27.00  28.50  33.50  33.50  30.00  30.00  28.50  35.00  49.00  43.50  43.50  42.00  42.50  46.00  42.50  42.50
 33.8N / 50:  26.50  26.50  20.50  19.00  30.00  38.00  29.00  29.00  26.50  23.00  22.50  21.50  21.50  21.50  22.50  34.50  39.00  32.50  34.00  34.00  36.00  37.50  36.50  40.50
 31.2N / 49:  28.00  28.00  20.50  20.00  28.50  35.00  30.50  25.50  25.50  22.00  20.00  20.50  20.00  23.00  32.00  32.00  31.50  26.00  30.00  32.00  35.00  33.50  33.50  33.50
 28.8N / 48:  31.00  16.50  16.50  14.50  25.00  36.00  32.00  23.50  23.00  23.50  23.50  22.50  20.50  19.50  25.50  22.50  22.00  25.00  25.00  29.00  34.50  33.00  31.00  31.50
 26.2N / 47:  21.00  20.50  16.00  16.00  14.00  27.50  38.50  22.50  26.50  27.50  26.00  27.00  27.00  20.00  20.00  23.50  25.50  26.00  30.50  31.50  33.50  33.50  33.50  34.50
 23.8N / 46:  26.00  16.50  14.50  12.50  12.50  10.00  28.50  26.50  27.50  25.50  26.50  28.00  20.50  20.50  22.00  24.50  24.50  24.00  23.50  27.00  30.00  31.50  32.50  31.00
 21.2N / 45:  44.00  28.00  19.50  20.00  11.50  16.00  24.00  31.50  30.00  19.50  19.50  19.00  22.00  20.00  20.00  20.00  17.00  18.00  19.50  20.50  28.50  27.50  27.00  30.00
 18.8N / 44:  42.50  42.50  28.00  25.50  18.00  17.00  15.00  21.50  28.50  21.50  19.00  23.00  23.00  21.00  17.50  14.50  22.00  18.50  14.50  14.50  18.00  24.50  25.50  33.50
 16.2N / 43:  51.50  39.50  37.50  32.00  24.00  18.00  14.00  19.00  18.00  18.50  18.50  18.00  20.50  21.00  19.50  18.00  17.00  16.50  18.00  15.50  22.00  27.50  31.50  34.50
 13.8N / 42:  46.00  41.00  37.00  34.50  30.00  26.00  25.00  25.00  27.00  23.50  22.50  22.00  17.50  24.50  31.00  28.50  24.00  21.00  22.00  22.50  28.50  35.50  32.50  29.00
 11.2N / 41:  33.00  31.00  28.00  30.50  26.00  26.50  27.00  29.00  29.00  31.00  34.50  21.50  26.50  33.50  36.00  24.50  20.50  18.50  21.50  25.50  26.00  29.00  29.00  29.50
 8.8N  / 40:  28.00  26.00  23.50  22.50  23.00  28.50  24.50  27.50  27.00  26.00  26.00  30.00  20.50  18.00  23.50  18.00  14.50   9.50  14.50  21.00  25.00  22.50  21.00  25.50
 6.2N  / 39:  26.50  25.00  24.00  25.50  25.50  28.00  27.00  25.50  25.50  28.00  28.00  24.00  26.00  32.50  29.00   6.50   6.00  10.00  18.50  17.50  16.00  18.50  17.50  20.50
 3.8N  / 38:  28.00  30.50  27.50  25.50  31.00  31.50  29.00  31.50  33.00  34.00  35.00  37.00  39.00  39.00  26.00   5.00   8.00  10.00   9.50  10.00  12.50  22.00  20.50  16.00
 1.2N  / 37:  19.50  21.00  18.50  16.00  16.50  16.00  16.50  20.50  19.50  22.50  26.00  35.50  44.50  33.50  10.50   3.50   7.00   6.50   8.00   9.00  10.00  15.00  11.50  10.50
 1.2S  / 36:  17.50  17.50  18.50  19.50  14.00  14.00  16.00  18.00  21.50  23.50  17.50  25.50  42.00  27.00   4.50   5.50   7.50   8.00   9.00   8.50   7.50   8.50   7.50   9.50
 3.8S  / 35:  29.00  30.50  34.50  33.00  27.00  26.50  26.50  28.00  29.50  34.50  29.00  21.00  26.50  28.00   5.00   6.50   9.00   9.00   7.50   9.00   7.50   8.00   8.50   8.50
 6.2S  / 34:  31.50  30.00  32.50  37.00  42.00  42.50  43.00  34.50  31.00  36.00  47.50  41.50  20.50  13.00  12.50   8.50  11.50  10.50   8.50   9.00  10.00   9.50   8.50   7.50
 8.8S  / 33:  32.00  31.00  31.50  32.50  37.00  36.00  41.00  42.00  41.50  45.00  45.00  49.00  46.50  27.50  15.50   9.50  11.00  13.50  12.50  10.00  11.50  11.00  10.00   7.50
 11.2S / 32:  29.00  33.50  34.00  33.50  36.00  37.00  40.00  44.00  48.00  52.50  55.00  59.00  54.00  32.50  11.50  10.00  11.50  14.50  14.50  16.00  15.00  14.50  14.50  13.00
 13.8S / 31:  28.50  32.00  35.00  38.50  39.00  46.50  49.50  50.50  55.00  56.00  60.00  67.00  71.50  60.00  29.50   8.50   5.50   9.00  15.00  19.50  18.50  18.00  19.00  17.00
 16.2S / 30:  35.00  34.50  37.00  40.50  40.00  45.50  55.50  57.50  54.50  54.50  54.50  58.00  72.00  77.50  76.00  48.00  24.50  10.00  10.50  12.50  14.00  17.50  20.50  20.50
 18.8S / 29:  31.00  31.00  31.50  36.50  42.00  44.00  49.00  54.50  59.50  62.00  61.50  60.50  69.50  80.00  83.50  79.50  76.50  19.50  12.50  12.50  11.50  21.50  18.00  15.50
 21.2S / 28:  33.50  31.00  35.50  42.50  41.50  46.00  51.00  53.50  58.00  62.50  62.50  62.00  61.00  66.50  74.50  79.50  83.50  64.00   8.00  11.00  24.50  32.50  18.50  14.00
