             VARIABLE : Mean low cloud amount (%)
             FILENAME : ISCCPMonthly_avg.nc
             FILEPATH : /usr/local/fer_data/data/
             SUBSET   : 24 by 24 points (LONGITUDE-LATITUDE)
             TIME     : 16-DEC-1999 00:00
              113.8W 111.2W 108.8W 106.2W 103.8W 101.2W 98.8W  96.2W  93.8W  91.2W  88.8W  86.2W  83.8W  81.2W  78.8W  76.2W  73.8W  71.2W  68.8W  66.2W  63.8W  61.2W  58.8W  56.2W  
               27     28     29     30     31     32     33     34     35     36     37     38     39     40     41     42     43     44     45     46     47     48     49     50
 36.2N / 51:   9.50   4.50   4.50   2.50   5.50  13.50  14.50  14.50  22.50  13.50  11.50  12.00  14.00  14.00  17.00  28.50  46.00  43.50  43.50  46.00  45.00  46.00  45.50  45.50
 33.8N / 50:  11.50  11.50   5.50   4.50   9.50  16.00  24.00  24.00  19.00  11.00  10.50  11.00  11.50  11.50  18.00  35.50  45.00  42.00  41.50  41.50  45.00  45.00  44.50  45.00
 31.2N / 49:  18.00  18.00   7.50   7.50  16.00  18.50  28.00  26.50  26.50  19.00  17.50  20.00  14.50  28.00  44.00  44.00  38.50  43.00  43.50  40.50  39.50  40.50  40.50  40.50
 28.8N / 48:  18.00  11.50  11.50   5.00   9.00  15.00  24.00  31.50  34.00  37.00  37.00  34.50  23.50  21.50  42.50  42.50  41.50  41.00  41.00  35.00  37.50  37.00  39.00  41.00
 26.2N / 47:  17.00  16.50   8.50   8.50   5.50   7.50  22.50  35.00  33.50  33.50  33.50  35.00  35.00  27.00  36.00  42.00  38.00  37.50  39.00  39.00  39.50  38.00  38.00  40.00
 23.8N / 46:  20.50  21.00  14.00   9.00   9.00   4.00  13.50  32.00  32.50  27.00  27.00  40.50  37.50  36.00  35.00  41.00  41.00  40.50  41.50  40.50  38.00  39.00  33.00  30.00
 21.2N / 45:  31.00  28.00  28.50  18.00   7.50   5.50  12.50  29.50  26.00  21.50  21.50  26.50  36.00  33.50  26.50  32.00  42.00  43.00  38.50  39.50  36.00  36.50  35.50  30.00
 18.8N / 44:  34.50  34.50  29.00  30.00  14.00  11.50   8.50  12.00  27.50  21.00  15.50  32.00  34.50  32.50  29.50  30.00  25.00  27.00  37.50  37.50  41.00  37.50  33.50  27.00
 16.2N / 43:  36.50  36.00  30.50  27.50  20.00  11.50   7.50  14.50  14.50  16.50  16.50  26.50  29.50  27.00  26.50  31.00  30.50  27.00  29.00  28.50  26.00  30.50  27.00  27.00
 13.8N / 42:  33.50  35.00  30.00  25.50  20.00  14.50  12.50  20.50  13.00   7.00  12.00  18.00  20.00  23.50  25.00  26.50  27.50  32.00  33.00  33.00  32.00  34.00  31.00  30.50
 11.2N / 41:  25.00  27.00  27.00  22.00  15.00  13.00  13.50  12.50  13.00  15.00  19.00  19.50  21.50  19.50  18.50  17.00  18.00  20.00  26.00  34.00  31.00  32.00  32.00  32.00
 8.8N  / 40:  22.50  27.50  26.50  24.50  23.00  20.50  21.50  21.50  21.00  23.00  23.00  27.00  25.50  17.50  18.50  14.50  13.50  10.00  14.00  20.50  22.00  20.50  26.00  34.00
 6.2N  / 39:  52.50  50.50  51.00  49.50  54.50  52.50  50.00  46.50  46.00  47.50  51.50  46.50  38.00  28.00  26.50   7.00   7.00  11.50  16.00  17.50  13.50  13.00  16.50  23.00
 3.8N  / 38:  60.00  62.00  62.00  64.00  72.00  74.50  73.50  71.50  69.50  65.00  61.00  57.50  54.50  43.00  30.00   4.50   9.00  12.00  13.50  13.50  12.00  18.50  19.00  13.50
 1.2N  / 37:  55.00  55.50  54.50  56.50  61.50  57.50  55.00  55.00  52.00  52.00  51.50  48.00  44.50  31.50   9.00   4.00   9.50  10.00  11.50  11.00  12.50  14.50  14.00  14.00
 1.2S  / 36:  35.50  39.50  43.00  43.50  50.00  47.00  43.50  39.00  38.50  42.00  42.50  36.50  30.00  22.50   6.50   6.00   7.00   8.00   8.00   8.00   9.00  10.00  11.50  15.50
 3.8S  / 35:  30.00  35.50  39.50  40.50  44.50  46.50  44.50  40.50  41.50  45.50  42.50  35.00  24.00  19.50   5.50   7.00   6.50   6.00   6.50   6.50   5.50   7.50   8.50  10.00
 6.2S  / 34:  23.00  29.50  37.50  42.50  45.00  45.00  45.50  43.00  43.00  46.50  46.00  37.50  30.00  21.50  11.50   4.50   6.50   6.00   5.50   4.50   4.50   5.00   6.00   6.00
 8.8S  / 33:  29.00  35.50  41.50  43.00  48.50  52.50  49.50  49.00  50.50  46.50  46.50  45.50  39.00  33.00  19.50   8.00   5.50   4.50   4.00   4.00   4.00   4.50   3.50   4.00
 11.2S / 32:  30.00  38.00  46.00  49.00  55.50  58.50  60.00  59.50  58.00  57.50  52.50  52.00  49.50  39.00  19.50   3.50   3.50   4.00   5.00   5.50   5.50   4.50   4.50   4.50
 13.8S / 31:  35.50  41.50  47.00  54.00  55.00  59.50  65.50  66.50  60.50  57.50  57.50  54.50  50.00  57.00  40.00  15.00   6.00   3.50   4.00   8.00   9.00   8.50   8.00   7.00
 16.2S / 30:  42.00  47.00  46.50  50.50  53.00  54.50  59.50  58.00  57.50  50.00  50.00  47.50  40.50  43.00  46.50  35.50  26.50  17.00   ....   5.50  11.00  14.00  16.00  12.50
 18.8S / 29:  39.50  39.50  38.50  40.50  46.50  50.00  48.50  46.50  45.00  43.50  47.50  46.50  45.00  40.50  32.00  47.50  40.50  25.00  13.00  13.00  11.50  13.50  16.00  15.50
 21.2S / 28:  35.50  39.00  37.00  37.50  45.00  48.00  51.50  50.00  49.00  45.00  45.00  46.00  47.00  46.00  39.50  43.50  45.00  41.00  15.00   ....  16.50  20.50  18.00  18.00
