             VARIABLE : Mean low cloud amount (%)
             FILENAME : ISCCPMonthly_avg.nc
             FILEPATH : /usr/local/fer_data/data/
             SUBSET   : 24 by 24 points (LONGITUDE-LATITUDE)
             TIME     : 16-APR-1998 00:00
              113.8W 111.2W 108.8W 106.2W 103.8W 101.2W 98.8W  96.2W  93.8W  91.2W  88.8W  86.2W  83.8W  81.2W  78.8W  76.2W  73.8W  71.2W  68.8W  66.2W  63.8W  61.2W  58.8W  56.2W  
               27     28     29     30     31     32     33     34     35     36     37     38     39     40     41     42     43     44     45     46     47     48     49     50
 36.2N / 51:  28.00  23.00  23.00  17.00  20.00  30.50  40.00  40.00  38.00  32.50  29.50  25.00  21.00  21.00  21.00  26.50  45.00  40.50  40.50  37.50  37.50  33.00  27.00  27.00
 33.8N / 50:  31.50  31.50  21.50  18.00  27.00  38.00  34.00  34.00  32.00  31.50  33.00  26.00  22.50  22.50  20.50  32.00  40.00  35.00  35.00  35.00  34.00  29.50  27.50  28.50
 31.2N / 49:  25.50  25.50  24.50  22.00  30.00  32.50  29.50  30.00  30.00  27.50  28.50  28.00  21.00  30.50  37.50  37.50  32.50  36.00  35.00  30.50  27.50  28.00  28.00  30.00
 28.8N / 48:  20.50  14.00  14.00  13.50  14.00  22.00  26.00  24.00  19.00  21.50  21.50  17.50  15.00  24.50  34.50  28.00  27.00  29.50  29.50  28.00  25.00  26.00  28.50  29.00
 26.2N / 47:  13.50  12.50   9.00   9.00  10.50  16.50  31.00  26.50  21.50  23.50  24.00  28.00  28.00  15.50  26.00  26.50  23.50  26.50  22.00  23.50  26.00  25.50  25.50  27.50
 23.8N / 46:  20.50  11.50   8.00   9.00   9.00   6.00  25.00  33.50  29.00  25.00  28.00  28.50  23.00  20.50  18.00  22.50  22.50  23.50  23.00  24.50  23.50  26.00  28.00  26.50
 21.2N / 45:  33.00  30.00  23.00  15.00   6.00   7.50  35.00  38.50  34.50  24.50  24.50  20.00  17.00  18.50  17.00  23.00  23.00  21.00  21.50  20.50  20.00  26.00  28.00  26.50
 18.8N / 44:  39.50  39.50  35.00  33.00  25.00  14.00  12.50  23.00  37.50  32.50  23.50  19.50  19.00  19.00  17.00  17.50  17.00  25.00  23.50  23.50  26.50  24.50  26.50  28.50
 16.2N / 43:  52.00  48.50  45.00  43.50  34.00  19.50  13.50  18.50  20.00  23.50  23.50  20.50  18.50  20.50  21.00  22.00  21.00  21.00  27.00  24.00  24.50  31.00  28.50  26.50
 13.8N / 42:  53.50  50.00  43.50  36.00  32.00  26.50  26.50  26.00  23.00  19.50  17.50  21.50  24.00  27.50  24.50  23.50  24.50  27.00  29.00  26.50  28.50  32.50  26.00  25.00
 11.2N / 41:  45.00  40.00  35.00  32.00  30.50  28.50  29.00  26.50  29.50  33.50  30.00  25.00  28.50  30.00  29.50  20.50  17.00  22.50  26.50  29.00  32.00  27.00  27.00  26.50
 8.8N  / 40:  32.00  33.00  28.50  30.50  31.00  32.00  33.50  32.50  33.00  31.00  31.00  28.00  21.00  16.50  19.00  16.50  10.50   8.50  10.50  22.00  25.50  22.50  24.00  31.50
 6.2N  / 39:  23.00  24.00  28.00  28.00  24.00  21.00  22.00  24.50  24.50  25.00  25.50  24.50  26.00  27.50  21.50   4.50   3.50   5.50  10.50  12.00  11.50  10.00   9.00  18.50
 3.8N  / 38:  15.50  18.50  21.00  23.50  19.50  18.00  17.00  13.50  12.50  20.00  21.00  19.50  20.00  21.50  14.00   2.00   3.50   5.00   4.50   4.50   4.50   7.50   9.00   5.50
 1.2N  / 37:  18.50  19.00  17.50  17.50  14.50  14.50  13.00  12.00  12.00  17.00  20.00  17.00  15.50  13.50   3.50   2.50   4.00   4.50   4.00   4.50   6.00   5.00   6.50   7.00
 1.2S  / 36:  24.50  22.00  21.00  23.50  20.50  18.00  14.50  12.00  13.50  15.50  18.50  16.50  17.00   9.50   1.50   2.00   4.00   5.00   4.00   6.00   6.00   5.50   7.00   7.00
 3.8S  / 35:  26.50  25.00  25.50  25.00  24.50  23.50  19.00  16.50  15.50  19.50  20.50  23.00  23.50  11.50   3.00   4.00   5.50   6.00   5.00   5.50   6.50   7.00   7.00   7.50
 6.2S  / 34:  30.00  30.00  31.00  29.50  32.50  35.50  32.50  28.00  30.50  34.00  33.50  34.50  35.00  22.00   6.50   3.50   6.50   7.50   7.00   7.00   6.50   5.50   6.50   8.00
 8.8S  / 33:  33.00  39.50  37.00  38.00  38.50  39.00  35.00  37.00  41.50  45.00  45.00  41.50  36.50  39.50  22.50   5.50   6.00   8.00   8.50   8.50   8.00   7.50   9.00   9.00
 11.2S / 32:  38.50  40.50  40.00  44.50  50.50  53.50  51.50  48.50  44.00  49.50  48.50  50.00  47.00  44.00  16.00   4.00   7.00   8.00   9.50  12.50  10.50  11.50  11.50  12.00
 13.8S / 31:  36.00  36.00  36.00  39.50  46.00  52.00  55.00  51.50  51.00  50.50  53.50  53.00  54.00  51.00  41.00  12.00   4.50   4.00   8.50  14.00  13.50  11.50  15.50  16.50
 16.2S / 30:  36.00  38.50  39.00  41.00  40.50  41.50  47.50  50.50  45.50  50.50  50.50  47.50  41.50  41.00  45.00  51.00  32.50  13.00  11.00  10.50  13.00  11.00  15.50  18.00
 18.8S / 29:  34.50  34.50  36.50  43.00  42.50  42.00  42.50  43.50  42.50  44.50  41.50  36.50  31.00  23.00  30.00  44.50  59.50  23.50   ....   ....  10.00  17.50  17.00  15.50
 21.2S / 28:  41.50  38.00  37.00  41.50  40.50  39.50  40.00  41.00  38.50  32.50  32.50  33.00  33.00  28.50  31.50  29.50  36.50  43.00  12.50   3.00  16.00  22.50  18.00  15.50
