             VARIABLE : Mean low cloud amount (%)
             FILENAME : ISCCPMonthly_avg.nc
             FILEPATH : /usr/local/fer_data/data/
             SUBSET   : 24 by 24 points (LONGITUDE-LATITUDE)
             TIME     : 16-FEB-1997 00:00
              113.8W 111.2W 108.8W 106.2W 103.8W 101.2W 98.8W  96.2W  93.8W  91.2W  88.8W  86.2W  83.8W  81.2W  78.8W  76.2W  73.8W  71.2W  68.8W  66.2W  63.8W  61.2W  58.8W  56.2W  
               27     28     29     30     31     32     33     34     35     36     37     38     39     40     41     42     43     44     45     46     47     48     49     50
 36.2N / 51:  16.00  11.50  11.50   8.50   9.00  14.50  10.50  10.50  13.50  14.00  14.50  17.00  15.50  15.50  15.50  26.00  38.50  34.00  34.00  33.50  32.00  36.50  31.50  31.50
 33.8N / 50:  15.50  15.50  11.00   9.00  13.50  17.00  14.50  14.50  18.50  16.50  18.00  15.00  14.50  14.50  21.50  36.00  36.00  32.00  33.00  33.00  32.50  33.50  32.50  35.50
 31.2N / 49:  14.50  14.50  11.50   8.50  13.50  18.00  19.00  20.00  20.00  18.50  17.50  17.50  17.00  35.50  40.00  40.00  40.00  38.00  35.00  38.00  37.00  35.50  35.50  37.00
 28.8N / 48:  20.00  14.00  14.00   8.50  10.00  15.00  25.00  28.00  29.00  28.00  28.00  34.50  26.50  27.00  39.50  38.50  38.50  36.00  36.00  37.50  36.50  38.50  41.00  35.50
 26.2N / 47:  19.50  18.00  13.00  13.00   9.00   9.50  26.50  41.50  40.50  40.50  36.00  30.00  30.00  19.50  29.50  28.00  29.50  26.00  28.00  32.00  34.50  33.50  33.50  38.00
 23.8N / 46:  23.50  18.50  13.50  10.50  10.50   5.00  15.50  40.00  43.50  35.00  25.50  23.50  23.50  20.50  15.50  16.00  16.00  17.50  22.00  26.00  31.50  31.00  36.00  37.50
 21.2N / 45:  30.00  25.50  17.50  11.00   7.00   8.00  28.00  39.00  31.00  18.00  18.00  17.00  18.00  19.50  15.00  13.50  21.00  18.50  23.50  25.50  28.50  31.00  34.50  38.00
 18.8N / 44:  39.00  39.00  27.50  15.00   9.00  12.50  13.00  20.00  28.50  13.50  14.50  17.00  18.00  16.50  16.50  18.50  19.50  24.50  26.00  26.00  31.50  34.50  35.00  32.50
 16.2N / 43:  40.50  34.00  23.00  11.00   4.50   6.50   9.00  19.50  18.00  15.00  15.00  19.00  19.00  19.00  19.50  17.00  17.00  20.50  27.00  28.50  34.00  37.00  33.00  29.50
 13.8N / 42:  37.00  28.50  24.50  16.00   9.50   6.50   6.00   8.00  11.50  12.00  15.00  25.50  22.50  25.50  21.00  17.50  19.00  23.00  26.50  27.00  28.50  31.00  29.50  29.00
 11.2N / 41:  24.50  23.50  22.50  22.00  16.00  10.00   9.00   9.50  12.50  12.00   9.50  19.00  28.00  32.00  31.00  16.00  21.50  26.50  25.50  26.00  29.00  30.50  30.50  32.00
 8.8N  / 40:  24.50  27.00  24.00  20.50  18.00  17.00  14.50  12.50  10.00  10.50  10.50  12.00  14.00  19.50  23.00  17.00  16.50  15.50  17.50  27.50  27.00  21.00  21.00  26.50
 6.2N  / 39:  29.50  29.00  28.50  30.50  28.50  23.50  20.50  20.50  20.00  19.50  21.50  22.50  24.00  21.00  22.50   7.50   9.00  12.50  19.00  21.50  17.00  14.00  14.50  20.00
 3.8N  / 38:  35.00  36.50  38.00  37.50  36.50  34.00  32.50  29.50  30.00  29.50  28.00  27.00  28.50  27.50  25.00   6.50  11.50  17.00  14.00  13.50  12.50  17.50  19.00  14.50
 1.2N  / 37:  38.00  35.00  36.50  38.00  37.50  38.50  38.50  37.50  33.50  32.50  28.50  31.00  34.50  30.50  12.00   6.50  17.00  12.50   8.50   7.50  11.50  15.00  12.50  12.00
 1.2S  / 36:  29.50  29.00  36.50  35.50  35.50  34.00  36.00  34.50  27.00  29.00  27.00  22.00  23.00  22.00   9.00   6.50  11.50   9.00   6.00   7.50   9.00   8.50  10.00  11.00
 3.8S  / 35:  26.00  25.00  31.00  31.50  34.00  33.00  34.50  35.00  33.50  34.50  35.00  27.50  19.50  22.00   6.50   5.00   9.50   9.00   6.50   6.50   6.00   7.00   8.50   9.50
 6.2S  / 34:  24.00  25.00  24.50  22.00  23.50  29.00  32.00  34.00  38.00  42.50  43.00  36.50  23.50  19.00  14.50   5.50   8.50   8.50   7.00   7.00   6.50   6.00   6.00   6.50
 8.8S  / 33:  23.00  27.50  28.00  28.00  27.00  29.00  31.50  33.00  37.50  38.00  38.00  39.00  32.50  24.50  15.50  10.50   5.50   7.00   6.50   7.00   7.00   7.00   7.50   8.00
 11.2S / 32:  23.50  27.50  32.00  35.00  32.50  34.00  32.00  30.50  29.00  32.50  35.00  36.00  32.50  25.00  16.50   6.50   4.00   4.00   5.00   6.50   6.50   7.50   7.50   8.50
 13.8S / 31:  24.00  24.50  29.00  32.50  32.00  34.50  35.00  33.00  29.00  29.00  33.50  36.50  35.00  34.50  26.50  13.50   4.50   1.50   4.50   9.50   8.50   6.50   8.00   9.00
 16.2S / 30:  25.50  25.00  28.00  30.50  30.00  31.00  34.00  35.00  34.00  37.00  37.00  37.00  43.00  44.50  41.00  32.50  19.50   8.50   3.50   6.50  12.50  10.00  11.00   9.00
 18.8S / 29:  27.00  27.00  25.00  27.50  29.00  29.50  30.50  34.00  37.50  42.50  45.00  48.50  54.50  52.50  48.00  39.50  38.00  17.50   ....   ....   5.50  14.00  15.50  12.00
 21.2S / 28:  26.50  27.00  27.00  26.50  27.00  29.50  33.50  35.50  42.00  48.00  48.00  52.00  56.50  59.00  54.50  48.50  46.00  41.00  14.00   6.50  14.00  20.50  16.00  11.50
