             VARIABLE : Mean low cloud amount (%)
             FILENAME : ISCCPMonthly_avg.nc
             FILEPATH : /usr/local/fer_data/data/
             SUBSET   : 24 by 24 points (LONGITUDE-LATITUDE)
             TIME     : 16-MAR-2000 00:00
              113.8W 111.2W 108.8W 106.2W 103.8W 101.2W 98.8W  96.2W  93.8W  91.2W  88.8W  86.2W  83.8W  81.2W  78.8W  76.2W  73.8W  71.2W  68.8W  66.2W  63.8W  61.2W  58.8W  56.2W  
               27     28     29     30     31     32     33     34     35     36     37     38     39     40     41     42     43     44     45     46     47     48     49     50
 36.2N / 51:  20.50  11.50  11.50  10.50  13.00  20.00  28.00  28.00  27.50  24.50  30.00  26.00  23.50  23.50  26.50  35.00  45.50  44.00  44.00  47.50  49.50  46.00  42.00  42.00
 33.8N / 50:  21.50  21.50  14.00  12.50  16.00  25.00  27.00  27.00  25.50  27.50  23.50  18.50  19.50  19.50  25.50  37.00  34.00  34.50  41.50  41.50  40.50  40.50  41.50  40.00
 31.2N / 49:  21.00  21.00  16.00  16.00  20.00  26.00  28.50  26.50  26.50  26.50  22.50  22.50  19.00  29.00  33.00  33.00  29.50  29.00  30.00  35.00  36.00  37.50  37.50  40.50
 28.8N / 48:  19.00  16.50  16.50  11.50  17.50  21.50  30.00  26.00  22.00  21.00  21.00  20.50  17.50  25.50  31.00  31.50  29.50  29.50  29.50  34.50  35.50  36.00  33.50  36.00
 26.2N / 47:  22.00  22.00  14.50  14.50  12.00  15.50  27.50  29.50  26.50  22.50  28.50  30.50  30.50  18.50  24.50  26.00  25.00  25.50  31.50  29.00  30.50  32.50  32.50  32.50
 23.8N / 46:  33.50  21.50  18.50  10.50  10.50   9.00  18.00  27.50  24.50  20.50  20.50  21.50  20.00  19.50  15.00  21.50  21.50  24.00  27.00  26.00  26.00  27.00  30.50  28.50
 21.2N / 45:  45.50  34.50  29.50  21.00  10.50  10.00  22.00  24.50  19.00  16.00  16.00  15.50  15.50  16.00  18.00  22.50  20.50  23.00  26.50  25.50  26.50  29.00  33.00  37.50
 18.8N / 44:  42.50  42.50  32.00  22.00  17.50  16.00  13.50  15.50  16.50  13.50  14.50  14.50  17.50  20.50  22.00  22.00  22.50  26.00  28.50  28.50  33.00  34.50  34.00  31.00
 16.2N / 43:  37.00  27.00  21.50  21.00  19.00  15.00  12.00  15.50  14.50  15.50  15.50  18.00  20.00  25.00  23.50  24.00  24.50  25.50  28.00  30.00  31.00  36.50  34.00  32.00
 13.8N / 42:  30.50  27.00  21.50  19.50  21.50  14.50  11.50  11.00  16.50  18.00  19.00  22.00  22.50  24.50  23.00  21.00  24.50  28.00  33.00  32.00  32.00  34.00  32.00  33.50
 11.2N / 41:  26.00  25.00  21.50  21.50  18.00  13.50  12.00  11.50  14.50  16.50  18.50  20.00  27.50  28.00  31.50  21.50  24.00  23.00  25.50  30.00  31.00  32.00  32.00  35.00
 8.8N  / 40:  25.00  27.00  27.00  23.00  19.50  20.00  18.00  15.00  17.00  19.00  19.00  17.50  17.00  21.00  22.50  20.50  17.00  12.50  15.50  20.00  23.00  22.50  25.50  31.50
 6.2N  / 39:  24.50  26.00  27.00  27.00  22.50  24.50  26.00  22.50  21.50  24.50  24.00  22.00  21.00  25.50  27.00   6.50   7.00  13.50  18.50  18.50  16.50  16.00  16.00  19.50
 3.8N  / 38:  20.50  19.50  22.00  21.00  24.00  24.50  25.50  23.50  22.50  20.50  21.00  20.50  20.50  23.50  20.50   4.50   9.00  15.00  13.50  12.50  12.00  15.00  16.00  11.50
 1.2N  / 37:  14.50  16.50  18.00  20.50  22.00  23.50  21.50  17.00  14.50  14.00  15.50  14.50  15.50  20.00   5.50   4.00   8.50   7.50   7.50   9.00   9.50   9.00   6.00   5.00
 1.2S  / 36:  22.00  23.50  24.00  24.50  23.00  23.50  22.00  23.50  16.00  17.00  19.00  17.50  16.50  13.50   2.50   4.50   5.00   5.00   5.00   7.00   6.00   4.00   3.50   5.00
 3.8S  / 35:  30.00  27.50  25.00  25.00  24.00  22.00  21.50  22.00  25.00  21.50  24.50  24.00  17.50  14.00   1.50   3.50   4.50   4.00   5.00   4.00   4.00   3.50   4.50   4.50
 6.2S  / 34:  33.50  30.50  29.00  27.00  24.50  25.50  23.50  27.00  24.50  22.00  26.50  29.50  23.50  16.50   8.50   2.00   4.50   4.00   3.50   2.50   4.00   4.00   3.50   4.00
 8.8S  / 33:  32.00  34.50  34.00  32.00  30.00  32.50  33.00  33.50  32.00  35.00  35.00  35.50  35.00  28.00  15.00   4.00   4.50   5.00   4.00   5.00   5.00   4.50   4.50   5.00
 11.2S / 32:  38.50  35.00  35.00  37.50  39.00  42.00  41.50  42.50  47.50  43.00  40.50  46.00  46.00  28.00  12.50   1.50   3.00   5.00   7.00   7.50   7.00   7.50   7.50   8.00
 13.8S / 31:  37.50  36.00  39.00  40.00  37.00  39.50  47.50  46.00  42.50  39.50  47.50  52.00  55.00  53.00  27.00  11.00   2.00   1.50   5.00   9.00   9.50   7.50   8.00   9.00
 16.2S / 30:  33.50  36.50  36.50  39.00  36.00  37.00  42.00  42.00  38.50  41.50  41.50  41.50  47.00  51.00  47.50  33.00  18.50   8.50   4.50   4.50   8.00  10.50   8.50  10.50
 18.8S / 29:  33.00  33.00  37.00  39.00  37.50  37.50  37.50  41.00  39.50  39.50  41.00  37.00  33.00  28.50  33.50  42.00  40.00  17.50  10.00  10.00   6.00  12.00  14.50  12.00
 21.2S / 28:  26.50  30.00  32.50  37.00  39.50  43.50  42.00  41.50  38.50  37.00  37.00  36.00  30.00  23.50  18.00  17.50  30.50  33.50  13.00   ....  12.50  17.50  14.50   9.50
