             VARIABLE : Mean low cloud amount (%)
             FILENAME : ISCCPMonthly_avg.nc
             FILEPATH : /usr/local/fer_data/data/
             SUBSET   : 24 by 24 points (LONGITUDE-LATITUDE)
             TIME     : 16-OCT-1997 00:00
              113.8W 111.2W 108.8W 106.2W 103.8W 101.2W 98.8W  96.2W  93.8W  91.2W  88.8W  86.2W  83.8W  81.2W  78.8W  76.2W  73.8W  71.2W  68.8W  66.2W  63.8W  61.2W  58.8W  56.2W  
               27     28     29     30     31     32     33     34     35     36     37     38     39     40     41     42     43     44     45     46     47     48     49     50
 36.2N / 51:  19.50  13.50  13.50  11.00  12.00  20.00  22.00  22.00  20.50  19.50  19.00  19.00  18.50  18.50  15.00  18.00  38.00  44.50  44.50  39.50  43.50  41.50  40.50  40.50
 33.8N / 50:  22.50  22.50  16.00   9.50  15.50  23.50  22.50  22.50  17.00  19.00  15.50  17.00  15.00  15.00  16.50  22.50  32.00  35.50  34.50  34.50  35.50  37.00  37.00  37.50
 31.2N / 49:  20.00  20.00  15.50  11.50  20.50  23.50  23.00  18.00  18.00  14.50  17.50  16.00  14.00  22.50  25.00  25.00  29.00  29.00  30.50  33.50  34.00  34.50  34.50  38.00
 28.8N / 48:  22.50  16.50  16.50   8.50  13.50  18.00  18.00  14.50  22.00  25.00  25.00  25.00  19.00  17.50  26.00  28.00  28.00  27.00  27.00  29.50  29.00  31.00  34.00  35.00
 26.2N / 47:  20.00  15.00  12.00  12.00   8.00  11.50  17.50  22.50  27.50  31.50  27.50  24.00  24.00  19.50  23.00  28.00  29.00  30.00  34.00  30.50  31.50  31.00  31.00  28.50
 23.8N / 46:  23.00  17.50  18.00  10.50  10.50   6.50  13.00  28.50  31.50  34.00  32.50  30.00  24.50  20.00  22.00  26.50  26.50  26.00  25.50  25.00  29.00  32.00  29.00  28.50
 21.2N / 45:  28.50  37.00  37.50  17.50   6.00   6.50  17.00  32.50  34.00  17.50  17.50  17.50  21.00  18.50  16.00  16.50  20.00  20.00  20.00  23.50  26.00  28.50  25.00  22.00
 18.8N / 44:  33.00  33.00  30.00  25.50  11.50   6.50   5.50  15.50  26.50  17.50  13.00  23.00  22.00  23.50  18.00  15.00  14.00  14.50  17.50  17.50  23.00  25.00  26.50  27.50
 16.2N / 43:  28.00  25.50  25.50  26.00  14.50  10.50   8.00  12.00  12.00  16.00  16.00  18.50  18.00  19.50  18.50  18.50  17.50  18.00  20.50  22.00  25.00  28.50  26.50  29.50
 13.8N / 42:  34.00  32.00  28.00  29.50  26.00  19.50  20.00  21.50  18.50  12.00  12.50  14.00  17.00  25.00  21.50  20.00  22.50  25.50  25.00  21.50  19.50  23.00  24.00  26.50
 11.2N / 41:  27.50  25.50  23.50  26.50  27.00  24.00  22.50  20.00  20.50  22.50  23.00  12.00  19.50  29.00  27.50  19.50  14.50  18.50  20.00  23.50  20.00  22.50  22.50  24.50
 8.8N  / 40:  23.50  25.00  23.00  19.50  24.00  23.50  23.50  22.50  22.00  24.50  24.50  23.00  15.50  10.50  14.00  13.00  12.00  10.00  13.50  18.50  19.00  18.00  19.50  27.00
 6.2N  / 39:  19.00  21.50  24.00  22.00  23.00  24.50  24.00  23.50  23.00  22.50  21.50  18.50  16.50  16.00  16.50   4.50   9.00  12.00  16.00  16.50  15.50  16.00  15.50  17.00
 3.8N  / 38:  21.50  25.00  24.00  23.50  28.50  29.50  30.50  31.00  28.50  26.00  23.00  20.50  20.00  20.00  17.50   7.00   7.50  12.00  12.50  11.00  14.00  24.00  22.00  14.50
 1.2N  / 37:  33.00  37.50  35.00  37.00  38.00  43.50  39.50  39.50  40.00  41.50  40.00  39.00  35.00  29.50   8.50   9.00  11.00  10.50  11.50  14.00  19.50  20.00  17.50  16.00
 1.2S  / 36:  31.00  34.00  33.50  33.00  35.00  39.00  39.50  39.50  39.00  42.50  43.50  44.50  44.00  27.00   6.50   9.50   9.50  10.50  11.50  15.00  18.00  20.00  18.50  17.50
 3.8S  / 35:  32.00  34.00  37.00  34.50  37.50  40.50  44.00  45.50  44.00  46.50  49.00  45.50  43.00  23.00   7.50  10.00  10.50   9.50  11.00  12.50  14.00  17.50  19.00  17.00
 6.2S  / 34:  32.50  34.50  38.50  39.50  44.00  48.50  56.00  57.00  56.00  55.00  55.00  58.50  55.50  36.50  12.50  10.00  11.50   9.50  10.00  11.50  11.50  14.00  15.00  14.50
 8.8S  / 33:  37.50  41.00  48.00  53.00  57.00  60.50  63.00  65.00  65.50  68.00  68.00  68.00  64.50  53.50  34.50   6.00   9.50  10.50  12.00  13.00  12.00  11.50  13.50  12.00
 11.2S / 32:  42.50  49.00  53.50  57.50  61.50  62.00  61.50  63.00  64.00  61.00  70.00  70.00  62.50  59.00  26.50   6.50   8.00  11.00  13.00  13.50  13.00  13.00  13.00  13.50
 13.8S / 31:  45.00  52.00  56.50  56.50  59.00  61.50  61.50  61.50  61.00  59.00  59.00  59.50  62.00  61.00  55.00  14.00   9.00   7.00  11.00  16.00  14.50  14.00  17.50  16.50
 16.2S / 30:  44.00  52.50  56.00  54.00  56.50  57.00  56.50  58.00  54.50  59.50  59.50  56.00  53.00  44.00  43.00  47.50  29.50  10.50   8.50  13.00  17.00  18.50  17.00  17.50
 18.8S / 29:  45.50  45.50  48.50  51.50  53.50  52.50  54.00  54.00  57.00  56.00  51.50  56.00  46.50  39.50  43.00  42.50  53.50  17.50   ....   ....  13.50  22.00  24.50  17.50
 21.2S / 28:  40.00  46.50  46.50  48.50  55.00  55.50  57.50  57.50  53.00  52.50  52.50  54.50  51.50  45.50  50.50  43.50  49.50  44.50  12.00   6.50  23.00  25.50  25.00  20.00
