             VARIABLE : Mean low cloud amount (%)
             FILENAME : ISCCPMonthly_avg.nc
             FILEPATH : /usr/local/fer_data/data/
             SUBSET   : 24 by 24 points (LONGITUDE-LATITUDE)
             TIME     : 16-MAY-1999 00:00
              113.8W 111.2W 108.8W 106.2W 103.8W 101.2W 98.8W  96.2W  93.8W  91.2W  88.8W  86.2W  83.8W  81.2W  78.8W  76.2W  73.8W  71.2W  68.8W  66.2W  63.8W  61.2W  58.8W  56.2W  
               27     28     29     30     31     32     33     34     35     36     37     38     39     40     41     42     43     44     45     46     47     48     49     50
 36.2N / 51:  27.00  16.50  16.50  15.50  18.50  29.50  27.00  27.00  17.00  16.00  16.50  17.00  19.50  19.50  20.00  27.00  43.00  34.50  34.50  30.50  32.00  32.00  31.50  31.50
 33.8N / 50:  22.00  22.00  17.50  15.50  27.00  34.00  21.50  21.50  16.00  18.00  15.50  15.50  17.50  17.50  21.00  32.50  36.50  32.50  29.00  29.00  24.50  25.00  28.00  29.50
 31.2N / 49:  16.50  16.50  13.50  16.00  25.00  27.00  20.00  18.50  18.50  21.50  18.50  16.50  20.00  31.00  36.00  36.00  26.00  27.00  26.00  23.00  22.00  23.50  23.50  25.50
 28.8N / 48:  21.00  14.50  14.50  14.50  15.00  23.00  23.00  19.50  23.00  23.00  23.00  21.50  19.50  26.00  35.00  30.00  27.50  24.50  24.50  20.00  18.50  20.50  25.00  28.00
 26.2N / 47:  17.50  20.00  11.50  11.50  11.50  14.50  27.00  20.50  27.00  26.00  22.50  21.00  21.00  19.50  25.00  35.50  25.50  21.00  19.50  21.00  24.00  24.50  24.50  27.00
 23.8N / 46:  32.50  18.50  12.00  10.00  10.00   7.50  22.00  20.00  20.50  22.00  21.00  19.00  19.00  21.00  21.50  23.50  23.50  20.00  19.50  23.00  24.50  27.00  28.50  28.50
 21.2N / 45:  43.50  29.50  18.00  10.50   9.00  12.50  22.00  18.50  15.50  17.50  17.50  18.50  19.00  22.00  21.00  19.50  22.00  22.50  23.00  25.00  27.50  28.00  33.50  35.00
 18.8N / 44:  46.00  46.00  33.50  26.00  17.50  18.00  16.50  17.50  17.00  15.50  15.50  24.00  29.50  25.50  21.00  21.00  19.00  18.00  23.00  23.00  26.50  28.00  30.00  35.50
 16.2N / 43:  53.00  42.00  34.00  30.50  30.50  22.50  18.50  20.50  16.00  17.00  17.00  24.00  30.00  29.00  26.50  24.00  24.50  22.50  22.50  24.50  26.50  28.00  27.50  25.00
 13.8N / 42:  42.00  39.50  33.00  29.00  29.50  27.00  30.50  32.00  31.50  20.50  17.50  16.50  21.50  32.50  34.50  33.00  28.00  25.50  27.50  25.50  24.50  24.50  21.50  20.00
 11.2N / 41:  26.50  28.00  24.50  24.50  26.50  28.50  31.50  31.00  31.00  30.00  33.50  17.50  23.50  29.50  31.00  23.00  17.50  22.00  23.00  28.00  26.50  22.00  22.00  21.50
 8.8N  / 40:  22.00  25.00  25.50  21.00  20.00  21.00  22.50  23.00  25.00  28.50  28.50  29.00  17.50  12.00  13.50  10.50   9.00   8.50  13.00  21.50  24.50  20.50  22.50  25.50
 6.2N  / 39:  26.00  23.50  27.50  27.00  22.50  22.50  22.50  22.00  21.00  22.50  26.50  25.50  24.00  24.50  18.50   3.00   5.50   9.00  12.50  14.50  15.00  15.50  14.50  20.00
 3.8N  / 38:  32.00  34.50  37.00  35.00  34.00  33.50  32.50  31.00  30.50  37.50  41.50  40.50  39.00  30.50  18.50   2.50   5.00   7.00   7.50   8.50   9.50  15.00  15.00  10.00
 1.2N  / 37:  21.50  22.50  28.00  33.00  31.00  32.00  31.50  31.50  26.00  26.50  33.50  33.50  35.50  31.00   7.50   3.00   6.00   6.00   7.00   7.00   7.00   8.50   7.50   7.50
 1.2S  / 36:  24.50  22.00  23.00  22.50  22.50  30.50  30.50  28.50  24.50  21.00  26.00  19.50  23.00  16.00   4.00   4.00   6.00   5.50   7.00   7.00   6.00   5.50   5.50   6.00
 3.8S  / 35:  26.50  28.00  29.50  28.00  24.00  26.00  30.00  35.00  41.00  37.50  32.50  25.00  19.50  13.00   4.00   5.00   6.00   6.00   7.50   7.00   7.00   6.50   5.50   5.00
 6.2S  / 34:  26.50  29.00  33.50  36.00  38.50  42.50  38.50  38.50  46.50  52.50  51.00  44.50  32.00  17.50   7.50   4.50   8.00   8.00   8.00   8.00   8.00   8.00   6.50   6.50
 8.8S  / 33:  30.50  39.00  40.00  43.00  49.50  53.50  50.50  53.50  55.50  59.50  59.50  65.00  56.00  42.00  20.50   8.00   8.50   9.50   9.00  10.50  10.00   9.50   9.00   9.50
 11.2S / 32:  28.00  36.50  42.50  48.00  53.50  59.50  66.50  65.00  64.50  64.50  64.50  72.50  69.50  57.00  17.00   6.50   6.50   9.50  11.50  12.00  11.00  10.00  10.00  10.00
 13.8S / 31:  25.00  27.00  31.00  36.00  49.50  55.50  62.00  62.50  59.50  57.00  63.00  67.50  71.00  77.50  50.50  12.00   7.00   5.50   9.50  14.50  13.50  13.00  13.50  14.00
 16.2S / 30:  33.50  32.50  33.50  34.50  42.50  54.50  54.00  49.50  48.00  53.00  53.00  53.00  57.50  61.50  68.50  60.50  34.50  11.50   7.00   7.50  13.50  13.50  12.50  11.00
 18.8S / 29:  41.50  41.50  39.00  38.00  40.50  41.50  44.00  47.50  47.00  46.50  49.00  54.00  53.00  51.50  60.50  62.50  65.00  25.00   6.00   6.00   8.50  16.00  16.50  13.00
 21.2S / 28:  38.00  35.50  39.50  45.00  42.50  43.00  46.00  49.00  53.00  53.00  53.00  57.50  56.50  52.00  45.00  41.00  57.50  50.00  10.50   ....  13.00  15.00  13.50   8.00
