             VARIABLE : Mean low cloud amount (%)
             FILENAME : ISCCPMonthly_avg.nc
             FILEPATH : /usr/local/fer_data/data/
             SUBSET   : 24 by 24 points (LONGITUDE-LATITUDE)
             TIME     : 16-JAN-1997 00:00
              113.8W 111.2W 108.8W 106.2W 103.8W 101.2W 98.8W  96.2W  93.8W  91.2W  88.8W  86.2W  83.8W  81.2W  78.8W  76.2W  73.8W  71.2W  68.8W  66.2W  63.8W  61.2W  58.8W  56.2W  
               27     28     29     30     31     32     33     34     35     36     37     38     39     40     41     42     43     44     45     46     47     48     49     50
 36.2N / 51:  10.00   6.00   6.00   6.00   9.00  15.50  21.50  21.50  21.00  19.00  17.00  20.00  21.00  21.00  24.50  31.50  49.00  43.50  43.50  38.50  46.00  42.00  43.00  43.00
 33.8N / 50:  12.50  12.50   9.00   9.50  13.50  17.00  22.50  22.50  23.00  23.50  17.50  18.00  22.50  22.50  28.00  39.00  42.00  41.00  39.50  39.50  43.00  45.50  47.00  44.00
 31.2N / 49:  16.50  16.50  13.00  14.00  15.50  20.00  25.00  27.50  27.50  25.50  23.00  24.00  26.00  41.50  40.50  40.50  36.50  36.00  37.50  39.50  39.50  40.00  40.00  40.50
 28.8N / 48:  19.50  15.00  15.00  10.00  14.00  20.50  30.50  35.00  36.00  39.00  39.00  35.50  25.50  28.00  36.50  36.00  31.50  32.50  32.50  33.50  34.00  35.50  36.00  37.00
 26.2N / 47:  19.50  16.50  10.50  10.50   8.50  14.00  31.00  40.50  37.00  34.50  30.50  27.50  27.50  19.50  28.00  31.00  28.00  26.00  27.50  28.50  28.50  33.50  33.50  34.00
 23.8N / 46:  22.00  18.00  12.50   9.50   9.50   6.00  14.00  38.00  33.50  28.00  25.00  26.50  26.00  20.50  18.50  25.00  25.00  26.00  23.50  25.00  25.50  29.50  32.50  31.00
 21.2N / 45:  29.00  23.50  19.50  13.50   8.50   7.00  23.50  38.00  30.50  20.50  20.50  22.00  25.50  24.50  14.00  15.00  20.50  22.00  22.50  27.00  25.50  26.50  27.50  29.50
 18.8N / 44:  29.50  29.50  24.50  19.00  14.50  14.50  11.00  19.00  30.00  22.00  20.50  28.00  29.50  21.50  14.50  18.00  20.00  24.00  23.00  23.00  28.50  23.50  27.50  29.00
 16.2N / 43:  32.00  28.00  25.50  20.50  17.00  15.00  11.00  18.50  19.50  19.50  19.50  26.00  24.00  26.00  21.00  15.50  14.00  14.50  19.00  16.50  18.00  28.00  26.50  29.50
 13.8N / 42:  26.00  27.00  26.50  21.50  21.50  20.00  13.50   9.00   7.50  11.50  14.50  25.50  27.00  27.00  21.00  15.00  14.00  17.00  22.00  23.50  25.50  29.50  30.00  31.50
 11.2N / 41:  27.00  26.50  24.50  20.00  18.50  15.00  14.50  12.00  15.00  19.50  20.50  21.50  31.50  26.50  14.00   6.50  13.50  23.50  22.50  23.50  27.50  28.50  28.50  28.50
 8.8N  / 40:  28.00  26.00  25.50  26.00  23.50  20.00  17.50  16.00  15.50  20.00  20.00  21.50  20.00  20.50  22.50  12.50  13.00  17.50  18.00  19.50  23.00  23.50  25.00  28.50
 6.2N  / 39:  37.50  36.00  38.00  38.50  37.50  38.50  32.00  30.00  28.50  31.00  34.00  32.50  29.00  28.50  27.00  10.50  12.00  13.50  17.50  19.00  21.50  17.00  14.50  19.00
 3.8N  / 38:  49.50  49.50  51.00  54.50  59.00  56.00  56.50  57.00  52.00  47.50  44.50  35.50  31.00  30.50  26.00   5.50   8.50  18.00  16.50  13.00  13.00  14.00  18.50  12.00
 1.2N  / 37:  42.50  47.00  54.50  52.50  52.50  49.50  47.00  47.50  48.50  46.00  45.50  39.50  36.50  31.50   9.50   3.00  14.00  16.00  12.00   8.00   9.50  11.00  11.50   8.50
 1.2S  / 36:  28.00  32.50  35.00  34.50  35.00  32.00  31.00  30.00  29.50  34.00  35.00  27.00  30.00  21.00   9.00   7.50  11.50  11.00   8.00   6.00   7.50   7.00   7.00   7.00
 3.8S  / 35:  23.00  28.00  29.00  27.50  26.50  25.50  30.50  30.00  30.00  31.50  33.00  30.50  28.00  23.00   7.00   8.50   9.50   8.00   6.00   5.50   6.00   5.50   6.00   6.00
 6.2S  / 34:  18.00  24.50  28.50  30.00  28.50  28.00  26.50  27.50  29.50  31.50  30.50  35.00  32.00  21.00  13.00   5.50   7.00   7.00   5.50   4.50   4.50   4.50   4.50   4.00
 8.8S  / 33:  26.00  30.50  33.00  31.50  30.00  28.50  26.00  26.00  28.00  29.00  29.00  34.50  32.50  28.50  22.00   6.00   4.50   6.00   5.50   5.00   5.00   4.00   4.00   3.50
 11.2S / 32:  30.00  32.50  35.00  38.50  35.00  34.50  32.50  31.50  33.00  30.00  32.00  33.50  33.50  28.00  16.50   5.00   3.50   5.00   5.50   5.00   5.00   4.50   4.50   3.50
 13.8S / 31:  40.50  39.50  41.00  41.00  37.00  38.00  36.00  33.50  35.50  35.00  35.00  37.00  36.00  36.50  27.50  15.00   8.00   2.50   3.50   7.00   7.50   7.00   5.50   4.50
 16.2S / 30:  39.50  40.50  43.00  43.50  40.00  42.00  40.50  40.00  35.50  32.50  32.50  30.00  32.50  29.50  33.50  28.00  20.00  10.00   3.00   3.50   7.50   7.50   9.00   7.00
 18.8S / 29:  36.50  36.50  35.00  33.00  35.00  36.00  38.50  40.00  41.50  38.50  32.50  31.00  29.50  29.00  29.50  31.50  30.00  16.00   2.00   2.00   6.50  10.50  12.50  12.50
 21.2S / 28:  39.00  37.50  34.00  35.50  34.00  34.00  34.00  35.00  36.50  35.00  35.00  32.50  31.50  35.00  33.50  36.00  34.50  31.00  13.50   7.50  11.00  15.00  15.50  12.50
