             VARIABLE : Mean low cloud amount (%)
             FILENAME : ISCCPMonthly_avg.nc
             FILEPATH : /usr/local/fer_data/data/
             SUBSET   : 24 by 24 points (LONGITUDE-LATITUDE)
             TIME     : 16-FEB-1996 00:00
              113.8W 111.2W 108.8W 106.2W 103.8W 101.2W 98.8W  96.2W  93.8W  91.2W  88.8W  86.2W  83.8W  81.2W  78.8W  76.2W  73.8W  71.2W  68.8W  66.2W  63.8W  61.2W  58.8W  56.2W  
               27     28     29     30     31     32     33     34     35     36     37     38     39     40     41     42     43     44     45     46     47     48     49     50
 36.2N / 51:  15.50  13.00  13.00  10.00  13.50  21.00  23.50  23.50  25.00  26.50  26.00  22.00  22.50  22.50  26.00  31.00  43.50  35.00  35.00  33.00  31.00  34.00  35.50  35.50
 33.8N / 50:  19.00  19.00  11.50  11.00  17.50  19.00  21.50  21.50  27.50  26.50  29.50  28.50  32.00  32.00  32.50  39.50  36.00  34.50  34.50  34.50  32.00  29.50  30.00  32.50
 31.2N / 49:  18.00  18.00  13.00  11.00  18.50  22.50  27.00  30.00  30.00  29.00  26.50  27.50  32.00  37.50  44.50  44.50  32.50  36.00  37.50  35.50  30.50  28.50  28.50  26.50
 28.8N / 48:  19.50  14.00  14.00  11.50  14.50  22.50  26.50  28.00  34.50  35.00  35.00  32.00  35.50  29.00  37.50  38.00  30.00  28.50  28.50  29.50  28.00  26.00  27.00  30.00
 26.2N / 47:  20.00  17.50  13.50  13.50   9.50  14.00  22.50  25.00  27.50  31.50  35.50  37.00  37.00  24.50  29.00  30.50  29.00  30.00  30.50  28.50  29.00  28.00  28.00  26.50
 23.8N / 46:  28.50  16.50  10.50   8.50   8.50   7.50  15.00  27.00  30.00  25.00  26.50  31.00  27.00  21.50  19.00  24.50  24.50  26.50  30.50  31.50  30.00  27.00  27.00  29.00
 21.2N / 45:  43.00  24.00  14.00  14.00   7.50  11.50  24.00  33.50  29.00  17.50  17.50  20.00  20.50  19.50  21.00  24.00  29.00  33.50  33.00  27.50  24.50  25.00  28.50  29.00
 18.8N / 44:  31.50  31.50  22.00  18.50  15.50  14.50  12.50  21.00  25.00  20.00  18.00  25.00  26.50  29.00  25.00  22.00  23.50  22.00  22.00  22.00  23.50  26.50  28.00  28.50
 16.2N / 43:  26.00  22.00  18.50  16.50  13.50  11.50  11.00  18.00  17.50  20.50  20.50  25.50  24.00  27.50  27.50  22.50  20.50  21.50  23.00  21.50  23.50  31.50  30.00  34.50
 13.8N / 42:  18.50  18.50  17.00  17.50  14.50  12.00   9.50  23.50  19.50  12.50  16.00  20.50  23.00  26.00  18.50  16.50  16.50  17.50  21.50  24.00  26.50  31.00  30.00  30.50
 11.2N / 41:  19.00  20.00  21.00  16.50  14.50  12.50  13.50  11.00  11.00  11.00  16.00  22.00  26.50  25.50  24.00  14.50  19.50  21.50  21.00  26.50  28.00  33.00  33.00  36.00
 8.8N  / 40:  22.50  22.00  17.00  15.00  17.50  20.50  19.00  16.00  12.00  19.50  19.50  23.50  20.50  20.50  21.50  17.00  16.50  16.00  18.00  21.00  23.00  20.00  26.50  32.50
 6.2N  / 39:  24.50  25.00  26.50  24.50  26.00  25.50  22.50  22.00  21.50  23.00  27.00  25.00  28.50  25.50  25.00   6.50   9.50  15.00  19.50  21.00  18.00  15.50  17.00  21.50
 3.8N  / 38:  35.00  35.50  34.50  34.50  33.00  35.00  32.50  31.50  32.00  29.50  30.50  26.50  27.50  31.50  22.50   5.00   9.00  13.50  12.50  12.00  11.50  19.50  17.00  13.00
 1.2N  / 37:  27.50  31.00  36.00  35.50  31.00  30.00  27.50  26.50  26.50  29.50  30.00  28.50  32.00  24.50   7.00   5.00  11.00  10.50   9.00  10.00  12.00  13.50  10.50  10.50
 1.2S  / 36:  22.00  26.50  28.00  26.50  26.00  27.50  24.50  22.00  23.00  28.50  29.00  25.50  23.50  17.00   3.50   7.50  11.00   8.50   7.50   9.00   7.50   7.00   6.50   7.50
 3.8S  / 35:  26.00  26.50  28.50  30.50  33.00  32.00  31.00  30.50  29.50  26.50  30.00  23.50  18.00  19.00   5.00   7.50  10.50   7.50   7.50   8.50   7.00   6.50   6.00   6.00
 6.2S  / 34:  28.00  33.50  37.00  39.00  38.00  40.50  35.00  36.00  39.50  41.50  41.50  36.00  23.00  19.00  13.50   4.00   7.50   8.50   7.00   7.00   6.00   5.50   5.00   5.00
 8.8S  / 33:  22.50  24.50  32.00  38.00  38.50  33.50  33.00  37.50  43.50  45.00  45.00  46.50  39.00  22.50  16.00   5.50   6.00   6.50   7.50   6.50   6.50   6.00   5.00   5.50
 11.2S / 32:  30.50  31.50  34.50  35.50  38.00  37.50  36.00  36.00  38.50  41.50  41.00  42.50  36.00  23.00  12.00   4.00   6.00   7.00   8.50   7.50   8.00   7.00   7.00   7.00
 13.8S / 31:  33.00  35.50  38.50  37.50  36.00  37.50  39.50  42.00  44.50  44.50  46.00  51.00  51.00  47.00  21.00  10.00   4.50   4.00   9.00  10.00  11.00   8.00   8.50   9.50
 16.2S / 30:  38.00  37.50  42.50  44.00  40.00  43.00  48.00  46.50  49.50  52.00  52.00  53.00  59.50  58.50  51.00  33.00  17.00   6.00   4.00   7.50  10.00  10.50   9.50   9.50
 18.8S / 29:  36.50  36.50  37.00  37.00  36.50  37.50  40.50  46.00  48.00  50.50  50.50  47.00  46.00  43.50  51.50  47.00  38.50  13.50   ....   ....   8.50  13.00  14.50  12.50
 21.2S / 28:  35.00  38.00  39.50  39.50  36.50  38.00  42.00  46.00  46.50  41.50  41.50  42.50  39.50  39.50  42.50  46.00  45.00  35.00  13.50  11.50  15.50  15.00  12.50  10.50
