             VARIABLE : Mean low cloud amount (%)
             FILENAME : ISCCPMonthly_avg.nc
             FILEPATH : /usr/local/fer_data/data/
             SUBSET   : 24 by 24 points (LONGITUDE-LATITUDE)
             TIME     : 16-MAY-1998 00:00
              113.8W 111.2W 108.8W 106.2W 103.8W 101.2W 98.8W  96.2W  93.8W  91.2W  88.8W  86.2W  83.8W  81.2W  78.8W  76.2W  73.8W  71.2W  68.8W  66.2W  63.8W  61.2W  58.8W  56.2W  
               27     28     29     30     31     32     33     34     35     36     37     38     39     40     41     42     43     44     45     46     47     48     49     50
 36.2N / 51:  23.00  14.50  14.50  12.50  14.00  22.00  15.00  15.00  14.50  19.00  21.00  22.50  22.00  22.00  20.50  27.00  45.50  30.50  30.50  28.50  30.50  30.50  29.50  29.50
 33.8N / 50:  20.00  20.00  14.50  12.50  15.00  20.50  17.00  17.00  16.00  22.00  18.00  17.00  16.00  16.00  18.50  27.50  31.00  26.00  27.00  27.00  28.50  29.50  28.50  27.00
 31.2N / 49:  18.50  18.50  17.50  13.00  17.50  21.00  19.00  20.00  20.00  19.50  16.00  17.00  14.50  19.00  25.00  25.00  24.00  22.00  22.50  22.00  25.50  24.00  24.00  25.00
 28.8N / 48:  19.00  14.00  14.00  13.50  14.50  20.50  22.00  18.50  18.00  17.00  17.00  21.50  18.00  15.00  18.50  21.00  24.50  20.00  20.00  17.00  19.50  20.00  24.50  22.50
 26.2N / 47:  15.00  16.00  12.00  12.00  12.00  14.00  21.00  18.50  16.00  16.00  19.00  17.50  17.50  15.50  16.50  19.50  25.00  26.00  25.00  23.50  21.00  23.00  23.00  27.00
 23.8N / 46:  24.00  14.00  13.00  10.00  10.00   7.00  16.00  17.00  16.50  20.00  24.50  23.00  16.50  15.00  20.50  26.00  26.00  28.00  26.00  23.00  23.50  22.50  22.50  28.00
 21.2N / 45:  36.00  21.00  10.00  10.50   7.00   8.00  15.50  14.50  19.00  18.00  18.00  15.00  16.50  18.00  20.50  21.50  27.50  27.00  30.00  30.00  28.50  31.00  32.50  32.00
 18.8N / 44:  29.00  29.00  18.00  12.50  14.50  13.50   9.50  14.00  14.50  17.00  13.00  19.50  21.00  22.00  23.00  28.00  21.50  19.00  23.50  23.50  32.50  31.50  32.50  31.00
 16.2N / 43:  37.00  26.50  27.00  29.50  23.00  14.00  11.50  13.50  15.50  15.00  15.00  18.50  20.50  23.50  33.00  32.50  30.00  27.50  27.00  26.50  29.00  30.00  30.50  30.00
 13.8N / 42:  40.50  33.50  27.50  32.50  26.50  19.50  16.00  14.50  20.00  18.00  17.50  18.00  21.50  28.00  32.00  29.50  29.50  30.50  30.50  28.50  28.50  29.00  32.50  33.00
 11.2N / 41:  31.50  26.50  25.00  23.50  16.50  17.50  18.50  20.00  24.50  32.00  33.50  22.50  20.50  27.00  25.50  16.50  12.00  14.00  19.00  24.50  21.50  29.00  29.00  31.00
 8.8N  / 40:  26.00  27.50  25.50  23.00  21.00  21.00  23.00  24.00  25.00  24.50  24.50  24.00  15.50   9.50  12.50   9.00   6.00   5.00   5.00  10.50  11.50  10.00  19.50  29.50
 6.2N  / 39:  26.00  26.00  23.50  23.00  21.00  23.50  19.50  23.50  23.00  17.50  16.00  15.00  14.50  14.00  13.50   3.50   3.50   4.50   7.00   6.00   6.00   7.00   8.00  16.50
 3.8N  / 38:  26.00  23.50  23.00  21.50  25.00  26.00  27.00  25.50  23.00  21.00  17.00  14.50  14.00  14.00  13.00   3.00   4.00   6.00   6.50   5.00   5.00   9.50   9.50   8.50
 1.2N  / 37:  20.00  26.50  27.50  28.00  27.00  28.50  30.50  29.50  25.00  29.00  24.50  18.50  20.00  17.00   5.50   2.50   5.00   5.50   6.50   7.00   8.00   8.50   8.00   9.00
 1.2S  / 36:  19.00  23.00  24.50  24.00  28.00  29.00  26.00  28.00  27.00  27.50  29.50  28.00  28.50  17.00   3.00   4.50   8.00   8.00   9.50   8.50   8.50   8.50   9.50  10.00
 3.8S  / 35:  25.00  25.00  27.00  27.00  29.00  30.50  31.00  31.00  32.50  31.50  27.50  28.00  29.50  19.00   5.50   9.00  10.50  11.00  10.00  12.00  10.50   9.00  10.50   9.50
 6.2S  / 34:  35.50  36.50  36.00  32.50  37.00  37.50  38.50  39.00  42.00  44.50  44.50  44.00  44.50  38.50  10.00   8.00  11.50  12.50  12.50  12.50  13.50  12.50  12.00  12.00
 8.8S  / 33:  36.50  39.50  38.50  38.00  43.50  44.00  44.00  44.50  50.00  56.00  56.00  62.00  62.50  55.50  33.50   6.50  11.50  11.50  11.50  12.50  14.00  15.00  15.00  14.50
 11.2S / 32:  31.00  35.00  36.00  39.00  44.50  47.00  50.00  52.50  53.00  58.00  67.50  72.00  73.50  69.00  25.00   7.00  10.50  11.00  13.00  15.50  15.00  16.50  16.50  17.00
 13.8S / 31:  34.00  39.50  40.50  43.00  47.00  51.00  50.00  53.00  56.50  56.50  62.00  62.50  71.50  75.50  59.00  11.00   3.00   4.00  14.50  13.50  14.00  15.50  18.50  15.50
 16.2S / 30:  41.50  40.00  47.00  53.50  46.00  48.00  53.00  54.50  54.00  58.00  58.00  55.00  59.00  65.50  68.00  65.50  24.00   7.00   ....  11.50  16.50  16.00  15.00  15.50
 18.8S / 29:  41.50  41.50  44.00  51.50  50.00  47.00  47.00  45.00  46.00  47.00  48.00  46.50  55.50  52.50  56.50  68.50  72.50  15.50   ....   ....   5.00  18.00  18.50  17.00
 21.2S / 28:  46.00  46.50  47.00  50.00  45.00  41.00  43.00  43.50  41.50  42.00  42.00  45.00  50.50  51.00  53.00  50.50  67.00  50.00   8.00   1.50  16.50  24.00  20.50  13.00
