             VARIABLE : Mean middle cloud amount (%)
             FILENAME : ISCCPMonthly_avg.nc
             FILEPATH : /usr/local/fer_data/data/
             SUBSET   : 24 by 24 points (LONGITUDE-LATITUDE)
             TIME     : 16-DEC-1995 00:00
              113.8W 111.2W 108.8W 106.2W 103.8W 101.2W 98.8W  96.2W  93.8W  91.2W  88.8W  86.2W  83.8W  81.2W  78.8W  76.2W  73.8W  71.2W  68.8W  66.2W  63.8W  61.2W  58.8W  56.2W  
               27     28     29     30     31     32     33     34     35     36     37     38     39     40     41     42     43     44     45     46     47     48     49     50
 36.2N / 51:  22.50  17.50  17.50  19.00  21.50  27.50  29.00  29.00  31.00  36.00  32.00  32.00  36.50  36.50  25.50  22.00  29.00  32.00  32.00  28.00  23.50  22.50  22.00  22.00
 33.8N / 50:  19.50  19.50  17.00  21.00  24.00  29.50  28.00  28.00  29.50  30.00  35.50  33.50  25.00  25.00  23.00  15.00  23.00  23.00  22.00  22.00  19.50  19.50  18.00  20.50
 31.2N / 49:  16.50  16.50  18.00  22.00  25.50  28.00  27.00  26.00  26.00  27.50  30.00  29.00  29.00  19.00  17.00  17.00  26.50  19.00  18.50  17.50  16.50  17.00  17.00  17.00
 28.8N / 48:  11.00  15.00  15.00  15.50  18.00  21.00  18.50  15.50  15.00  16.00  16.00  13.00  14.50  20.00  18.00  17.00  16.00  15.50  15.50  13.50  14.00  14.50  14.00  13.50
 26.2N / 47:  13.00  13.50  19.00  19.00  16.50  14.50  16.50  16.00  15.00  16.00  16.00  17.50  17.50  15.00  13.00  11.50  11.50  11.50  11.00  11.50  11.00  12.00  12.00  11.50
 23.8N / 46:  17.00  14.00  12.50  16.00  16.00  14.00  15.50  18.00  18.00  18.00  16.50  17.50  14.00  12.50  13.50  12.00  12.00  11.50  11.50  11.00  10.00   8.00   8.00   7.00
 21.2N / 45:  20.50  16.50  13.50  14.00  15.00  15.50  21.00  21.50  18.50  14.00  14.00  14.50  15.50  14.50  13.50  11.00   9.00   8.50   7.50   7.00   6.00   5.50   5.00   4.50
 18.8N / 44:  17.50  17.50  14.00  13.00  12.50  14.50  15.00  19.00  16.50  15.00  17.50  17.00  16.00  13.50  14.00  12.00   9.50   9.50   6.50   6.50   6.00   5.50   6.50   5.00
 16.2N / 43:  15.50  15.00  12.50  13.50  10.00   8.50   9.50  13.00  15.50  25.50  25.50  22.50  19.50  18.00  14.00  13.00  10.00   7.50   6.50   5.50   4.50   8.50   9.00   5.00
 13.8N / 42:  16.00  12.50  12.00  12.00  10.50  10.50  10.00   9.00   7.50  12.50  18.00  24.00  22.50  16.00  13.00   9.00   7.00   5.50   3.50   2.50   2.00   4.00   4.00   3.00
 11.2N / 41:  12.50  11.50  12.00  10.50  10.50   8.50   7.50   7.50   6.50   9.50  12.00  20.00  21.00  16.00  14.50  15.00  14.50  10.00   7.50   4.50   5.00   6.00   6.00   4.00
 8.8N  / 40:  15.00  14.50  13.50  10.00  11.50   9.50   9.00  10.50   7.50   7.00   7.00  12.50  17.50  25.00  21.50  20.50  17.50  23.50  17.50   9.50  11.50  14.50  15.00  11.00
 6.2N  / 39:  11.00  14.00  14.50  13.50  11.50  10.50  11.50  15.50  17.00  17.00  18.50  21.00  19.00  20.00  20.00  26.00  25.50  27.00  13.50  17.50  20.00  22.00  22.00  14.50
 3.8N  / 38:   3.00   3.00   3.50   4.50   4.50   4.50   4.00   4.00   6.50  11.00  15.50  19.00  20.00  20.50  29.50  32.50  32.00  22.50  24.00  25.50  31.00  23.00  19.00  17.50
 1.2N  / 37:   1.00   1.00   1.00   0.50   0.50   0.00   0.00   1.00   0.50   1.50   3.50   5.00   7.50  15.50  28.00  31.00  23.50  26.50  24.50  25.50  25.00  22.00  20.00  18.00
 1.2S  / 36:   0.50   0.00   0.50   0.50   1.00   0.50   0.00   0.00   0.50   0.50   1.00   3.50   9.50  17.00  35.00  29.50  27.00  28.00  26.00  27.00  28.00  27.00  24.00  22.00
 3.8S  / 35:   0.00   0.00   0.00   0.00   0.50   1.50   1.00   0.50   0.50   0.50   1.50   5.50  12.00  21.00  37.00  29.50  26.00  27.00  29.00  27.50  29.00  28.50  29.00  26.00
 6.2S  / 34:   0.50   0.00   0.50   0.00   0.50   2.00   2.00   2.00   0.50   0.50   1.00   3.00   5.50  16.00  33.00  34.50  24.50  29.00  28.50  26.50  27.50  29.00  28.50  30.00
 8.8S  / 33:   1.00   0.50   0.50   1.00   1.50   1.50   2.50   1.50   0.50   0.50   0.50   2.00   3.00   5.50  14.00  38.50  28.50  27.00  28.00  28.50  30.50  28.00  30.50  31.50
 11.2S / 32:   3.50   2.00   2.00   1.50   1.50   2.50   1.50   2.00   2.00   0.50   0.50   1.00   2.00   4.00  16.50  31.00  25.50  23.00  25.00  26.50  26.00  27.50  27.50  31.50
 13.8S / 31:  10.50   9.50   7.00   6.00   5.00   4.00   4.00   3.00   3.50   3.50   3.00   6.00   5.50   3.50   4.50  16.00  33.50  27.50  23.00  21.00  21.50  26.50  28.00  27.50
 16.2S / 30:  11.00   9.00   9.00   8.50   7.50   6.00   5.00   5.50   5.00   7.00   7.00   8.50   9.00  13.00   7.50   5.00  10.50  23.50  34.00  26.00  22.00  25.00  25.50  27.00
 18.8S / 29:   8.50   8.50   6.50   4.50   5.50   5.00   4.50   4.00   5.50   8.50  12.50  17.50  21.00  25.00  17.50  11.00  12.00  19.00  29.50  29.50  28.50  21.00  19.00  19.50
 21.2S / 28:  13.50   9.00   7.00   5.00   4.00   4.00   4.00   4.00   3.00   5.50   5.50  12.00  16.00  24.00  28.50  21.50  16.50  13.00  18.00  32.50  22.00  15.50  14.50  18.50
