             VARIABLE : Mean low cloud amount (%)
             FILENAME : ISCCPMonthly_avg.nc
             FILEPATH : /usr/local/fer_data/data/
             SUBSET   : 24 by 24 points (LONGITUDE-LATITUDE)
             TIME     : 16-AUG-1996 00:00
              113.8W 111.2W 108.8W 106.2W 103.8W 101.2W 98.8W  96.2W  93.8W  91.2W  88.8W  86.2W  83.8W  81.2W  78.8W  76.2W  73.8W  71.2W  68.8W  66.2W  63.8W  61.2W  58.8W  56.2W  
               27     28     29     30     31     32     33     34     35     36     37     38     39     40     41     42     43     44     45     46     47     48     49     50
 36.2N / 51:  20.50  15.00  15.00  13.00  16.00  16.50  16.50  16.50  17.00  16.50  14.50  15.50  16.00  16.00  16.50  16.50  24.00  23.50  23.50  26.00  22.50  21.00  23.00  23.00
 33.8N / 50:  19.50  19.50  17.50  13.50  18.50  18.00  18.00  18.00  15.00  14.00  14.50  14.50  13.00  13.00  14.50  22.00  24.50  24.50  27.00  27.00  24.50  25.50  23.00  21.50
 31.2N / 49:  22.00  22.00  18.00  19.50  18.00  18.50  18.00  14.50  14.50  12.50  13.50  14.50  14.00  20.50  25.00  25.00  23.00  21.00  20.00  20.50  24.00  25.50  25.50  20.50
 28.8N / 48:  21.50  15.50  15.50   9.50  16.50  17.50  16.50  15.00  22.50  18.50  18.50  24.00  20.50  17.50  27.00  21.50  19.50  20.50  20.50  19.50  20.50  22.00  22.50  21.00
 26.2N / 47:  17.00  14.00   6.00   6.00  12.00  15.50  17.50  19.00  24.00  22.00  23.00  24.50  24.50  18.50  24.00  22.50  21.50  20.50  23.00  19.00  18.50  18.00  18.00  19.50
 23.8N / 46:  26.50  18.50  13.00   7.00   7.00  12.50  16.00  17.50  21.50  22.00  24.50  25.00  21.00  19.50  20.50  23.00  23.00  19.00  19.00  17.50  19.50  20.50  19.00  20.00
 21.2N / 45:  33.50  23.50  22.00  13.00   7.00  11.50  14.50  23.00  25.00  15.00  15.00  15.00  17.00  17.50  16.50  18.50  21.50  21.50  20.50  19.00  22.00  19.00  17.00  19.50
 18.8N / 44:  23.50  23.50  16.50  15.50  13.00   7.00   7.50  10.00  19.50  14.50  12.50  18.50  17.00  19.00  20.50  23.00  20.00  17.50  19.00  19.00  26.00  24.50  22.50  21.50
 16.2N / 43:  21.50  18.00  17.50  17.00  17.00  17.00  10.00   9.50   9.00  10.50  10.50  15.50  14.50  19.00  24.50  26.00  24.00  22.00  22.50  24.00  23.00  25.50  25.50  24.00
 13.8N / 42:  21.00  20.00  20.50  18.50  18.50  18.00  18.50  18.00  19.50  12.50  10.00  13.00  15.00  25.00  29.50  29.00  24.00  24.50  21.50  18.50  18.00  21.50  24.00  24.50
 11.2N / 41:  17.00  19.00  20.00  17.50  15.50  17.50  18.50  17.50  20.00  22.00  23.50  14.00  19.50  27.50  28.00  23.00  18.50  22.00  18.50  19.00  18.00  19.00  19.00  22.00
 8.8N  / 40:  21.50  21.00  22.00  19.50  22.00  24.50  20.50  22.00  27.00  28.00  28.00  27.50  15.00  10.00  12.00  12.00  10.00  10.50  14.50  15.00  14.50  15.00  17.00  23.00
 6.2N  / 39:  42.00  41.50  43.50  44.50  40.00  43.00  40.50  40.50  43.50  41.50  38.50  32.00  23.50  20.50  17.50   5.00   8.00   9.50  13.50  12.50  11.00  11.00  14.00  16.50
 3.8N  / 38:  51.50  53.50  52.00  53.50  61.50  60.50  58.00  61.00  62.50  58.50  56.50  53.00  51.00  43.50  26.50   7.00   8.50  11.50  11.50  10.50  12.00  15.50  15.50  12.50
 1.2N  / 37:  40.50  41.00  41.00  44.50  51.50  50.00  56.00  60.00  59.00  51.50  55.50  52.00  57.50  52.50  15.50   8.50  10.00  11.00  12.50  11.50  14.00  14.50  15.00  12.50
 1.2S  / 36:  26.50  33.50  37.50  35.00  34.50  38.00  35.00  33.50  27.00  30.00  30.50  28.50  31.00  28.00   9.00  10.00  12.50  12.50  13.00  12.50  13.00  14.00  16.00  15.00
 3.8S  / 35:  29.50  32.00  37.00  41.50  46.00  43.00  44.00  41.00  46.50  48.00  42.00  27.00  15.50  16.00  11.50  11.00  14.00  13.50  13.00  14.00  13.50  16.00  15.00  15.00
 6.2S  / 34:  27.50  32.00  39.00  42.50  52.00  58.50  56.50  61.50  65.00  68.50  69.00  62.50  38.00  17.50  13.00  10.00  13.00  12.50  12.50  12.50  12.50  13.50  14.00  15.00
 8.8S  / 33:  31.00  35.50  43.00  49.00  58.50  61.00  65.00  69.50  70.50  70.00  70.00  71.50  68.50  56.50  21.50  10.50  13.50  13.50  12.00  12.00  12.00  12.50  11.50  12.00
 11.2S / 32:  45.00  45.00  47.00  52.00  59.50  66.00  67.00  71.00  72.00  72.00  73.00  70.50  68.50  59.50  21.50  11.50  11.50  12.00  13.50  12.50  11.00   8.50   8.50   8.50
 13.8S / 31:  51.50  54.00  53.50  51.50  58.00  64.00  68.00  68.00  70.00  68.50  66.00  66.00  64.00  59.50  57.50  12.00   8.00  10.00  11.50  15.50  13.50  13.00  15.50  14.00
 16.2S / 30:  49.50  48.50  52.50  54.50  56.50  59.50  63.00  62.00  64.00  59.00  59.00  59.00  61.50  58.50  60.50  54.00  22.00   6.50   5.00  13.50  14.00  14.00  14.50  15.00
 18.8S / 29:  47.00  47.00  48.50  51.00  55.50  56.00  58.50  59.50  56.00  54.50  51.50  51.50  50.00  50.50  61.50  56.50  50.50  11.50   ....   ....  10.00  21.50  27.00  20.00
 21.2S / 28:  37.50  43.50  44.50  48.50  51.00  52.00  57.00  55.50  56.00  53.00  53.00  53.00  51.50  48.50  43.00  46.50  50.50  34.00   7.00   1.50  21.00  27.50  27.00  19.00
