             VARIABLE : Mean low cloud amount (%)
             FILENAME : ISCCPMonthly_avg.nc
             FILEPATH : /usr/local/fer_data/data/
             SUBSET   : 24 by 24 points (LONGITUDE-LATITUDE)
             TIME     : 16-NOV-1998 00:00
              113.8W 111.2W 108.8W 106.2W 103.8W 101.2W 98.8W  96.2W  93.8W  91.2W  88.8W  86.2W  83.8W  81.2W  78.8W  76.2W  73.8W  71.2W  68.8W  66.2W  63.8W  61.2W  58.8W  56.2W  
               27     28     29     30     31     32     33     34     35     36     37     38     39     40     41     42     43     44     45     46     47     48     49     50
 36.2N / 51:  11.00   6.50   6.50   4.50   7.50  11.00  15.50  15.50  15.50  18.50  20.00  19.50  16.00  16.00  16.00  25.50  40.50  36.00  36.00  35.50  38.50  36.50  37.00  37.00
 33.8N / 50:  11.50  11.50   6.50   6.00   8.50  13.00  19.00  19.00  18.50  23.50  22.00  19.00  17.50  17.50  19.50  27.50  28.00  28.50  30.50  30.50  33.00  35.00  32.50  30.50
 31.2N / 49:  19.50  19.50   9.00   5.50   6.50  10.00  17.00  19.50  19.50  21.00  18.50  18.00  17.50  26.00  34.00  34.00  28.00  27.00  27.00  29.50  31.50  29.50  29.50  29.50
 28.8N / 48:  14.50  11.50  11.50   6.50   7.00  15.00  22.00  27.50  31.50  28.00  28.00  26.00  15.00  15.50  24.00  24.00  24.00  25.50  25.50  25.00  26.50  28.00  28.50  28.00
 26.2N / 47:  14.50  14.50   8.00   8.00   5.50  10.50  23.50  27.00  29.50  28.50  27.50  23.50  23.50  13.50  18.00  24.00  24.50  24.00  23.50  26.50  23.00  27.00  27.00  25.50
 23.8N / 46:  25.50  17.00  12.50   5.00   5.00   4.50  15.50  26.00  26.50  21.00  21.50  27.50  23.50  19.00  19.00  25.50  25.50  24.50  25.00  27.50  30.50  28.50  24.00  21.50
 21.2N / 45:  40.00  27.50  19.50   9.50   4.50   7.00  15.50  25.50  21.00  13.00  13.00  16.00  23.50  23.00  17.00  17.00  24.50  25.00  24.50  25.50  25.00  23.00  18.00  19.50
 18.8N / 44:  34.50  34.50  25.00  17.00  11.00  11.00   9.00   9.50  16.00  11.50  12.00  27.00  28.50  25.50  17.50  16.00  14.50  15.50  19.00  19.00  22.50  20.00  19.50  22.00
 16.2N / 43:  39.00  27.50  24.00  24.50  23.00  19.50  10.00  12.00   8.50   8.00   8.00  17.50  21.50  28.50  27.50  25.00  22.50  21.00  21.00  20.00  19.00  24.50  23.50  26.50
 13.8N / 42:  33.50  28.00  23.00  22.50  19.50  20.00  21.00  17.50  19.50  14.00  10.00  10.00  15.50  27.50  28.00  24.00  22.50  23.50  24.00  21.50  21.00  24.50  25.00  25.00
 11.2N / 41:  24.00  23.50  23.50  21.00  19.50  21.50  21.50  21.50  22.00  22.00  23.00  12.50  17.50  24.00  22.00  17.00  13.50  17.50  21.00  23.50  23.00  23.00  23.00  26.00
 8.8N  / 40:  30.50  31.00  31.00  27.50  25.00  26.00  26.00  25.00  25.50  23.00  23.00  22.50  15.50  11.00  14.50  12.00   9.00   7.00  11.00  14.00  13.50  11.50  15.50  25.00
 6.2N  / 39:  55.00  55.00  54.00  56.00  46.00  49.00  50.00  49.50  45.50  43.00  41.50  33.00  25.00  21.00  20.50   3.50   4.50   7.50  13.00  10.50   7.00   8.00  11.00  17.00
 3.8N  / 38:  56.00  53.50  61.00  64.50  59.50  64.00  62.50  62.00  59.50  60.50  53.50  49.50  49.00  42.50  23.50   3.00   5.50   8.50   8.50   7.50   7.00  13.50  12.50  10.50
 1.2N  / 37:  31.00  27.50  27.50  35.00  28.50  34.50  38.50  37.00  40.00  45.50  56.50  65.50  66.00  48.50   8.50   4.00   7.00   6.00   6.00   5.50   7.50   9.00  10.00  11.00
 1.2S  / 36:  16.50  12.00  12.50  15.50  14.50  15.00  18.50  22.00  20.00  31.50  42.50  47.50  36.50  26.00   7.00   5.00   5.50   5.50   6.00   6.50   7.50   6.00   7.50  10.50
 3.8S  / 35:  15.50  18.50  19.00  22.00  20.50  20.00  22.50  27.00  37.50  41.50  45.50  42.00  28.00  17.00   7.00   6.00   5.00   6.00   5.50   5.50   6.00   5.50   6.00   6.50
 6.2S  / 34:  22.50  23.50  26.00  29.50  30.00  34.00  41.50  48.00  51.00  57.00  58.00  53.50  45.50  28.50  11.50   6.50   6.00   5.00   5.00   5.00   5.50   5.50   4.50   3.00
 8.8S  / 33:  24.00  28.00  33.50  38.50  46.50  56.50  58.50  60.50  62.50  60.00  60.00  61.50  64.50  58.00  34.50   7.50   6.50   6.50   4.00   5.00   5.00   5.00   4.50   3.50
 11.2S / 32:  26.50  31.00  40.50  46.00  47.50  58.00  63.50  61.50  60.50  56.50  51.00  45.00  53.50  61.00  22.00   4.50   4.00   5.00   6.00   6.00   4.50   5.00   5.00   4.50
 13.8S / 31:  38.00  40.00  45.00  50.00  53.50  56.00  57.50  54.50  49.50  46.50  43.50  28.50  29.00  38.50  43.50  14.00   8.00   5.00   5.50   8.00   7.00   6.00   7.00   7.50
 16.2S / 30:  39.50  43.00  46.50  50.50  47.00  48.00  49.00  46.50  43.00  37.00  37.00  30.00  14.00  12.50  15.50  28.50  24.00  13.00   ....   7.50   9.50  11.50  11.50  14.00
 18.8S / 29:  41.00  41.00  44.00  46.50  43.00  41.50  40.00  40.50  43.50  43.50  37.50  29.50  10.50   6.00   5.00  16.00  29.00  21.00  12.50  12.50  11.00  16.50  17.00  16.00
 21.2S / 28:  33.50  36.50  40.50  44.00  40.00  36.50  36.00  38.50  44.00  35.50  35.50  32.50  25.50  16.50  12.50   5.50   7.00  23.50  15.00   ....  19.50  19.00  17.00  16.00
