             VARIABLE : Mean low cloud amount (%)
             FILENAME : ISCCPMonthly_avg.nc
             FILEPATH : /usr/local/fer_data/data/
             SUBSET   : 24 by 24 points (LONGITUDE-LATITUDE)
             TIME     : 16-JUN-1998 00:00
              113.8W 111.2W 108.8W 106.2W 103.8W 101.2W 98.8W  96.2W  93.8W  91.2W  88.8W  86.2W  83.8W  81.2W  78.8W  76.2W  73.8W  71.2W  68.8W  66.2W  63.8W  61.2W  58.8W  56.2W  
               27     28     29     30     31     32     33     34     35     36     37     38     39     40     41     42     43     44     45     46     47     48     49     50
 36.2N / 51:  26.50  18.00  18.00  16.50  21.50  29.00  27.00  27.00  20.00  20.00  17.00  15.50  17.50  17.50  17.00  23.00  40.00  32.00  32.00  33.50  34.50  32.00  32.50  32.50
 33.8N / 50:  18.50  18.50  16.50  13.50  17.50  30.00  20.00  20.00  18.50  18.50  18.50  17.50  16.00  16.00  17.50  25.50  30.50  28.50  29.00  29.00  29.00  27.00  28.50  28.50
 31.2N / 49:  10.50  10.50  13.50  13.00  24.00  25.00  22.00  22.00  22.00  19.50  17.00  16.00  16.50  20.50  25.50  25.50  28.00  28.50  28.50  28.00  28.00  32.00  32.00  28.50
 28.8N / 48:  22.00  16.00  16.00  20.00  19.00  23.50  23.00  19.50  16.50  15.00  15.00  15.00  14.00  20.50  25.00  25.00  28.00  26.50  26.50  28.00  27.00  25.00  24.00  22.00
 26.2N / 47:  16.50  19.00  19.50  19.50  16.50  17.50  21.50  21.50  19.00  13.50  11.50  12.50  12.50  15.00  24.00  29.00  24.50  24.50  25.00  21.00  20.50  19.50  19.50  19.00
 23.8N / 46:  13.00  16.50  22.50  13.00  13.00  12.50  17.50  22.00  25.00  18.50  13.50  11.50  14.50  20.00  24.00  29.50  29.50  22.00  19.00  20.50  21.00  21.00  19.50  20.50
 21.2N / 45:  24.50  20.00  28.50  23.00  12.50  13.50  19.50  26.50  25.50  14.50  14.50  11.50  13.00  17.00  16.50  20.50  22.00  23.00  25.50  24.00  21.00  23.00  24.00  23.50
 18.8N / 44:  26.50  26.50  28.00  27.00  15.00  13.50  12.50  15.50  18.50  19.50  11.50  16.00  15.50  19.50  17.50  19.00  16.50  17.50  21.50  21.50  25.00  25.50  25.50  28.00
 16.2N / 43:  32.00  28.00  25.50  27.50  27.00  18.50  13.50  15.50  12.00  13.00  13.00  14.50  15.50  18.50  18.00  21.00  20.50  21.50  22.50  23.50  23.50  25.50  23.50  24.00
 13.8N / 42:  37.50  37.50  28.00  25.50  22.50  24.00  25.50  26.00  23.50  15.00  11.50  14.50  13.50  21.50  24.00  26.00  23.00  24.00  27.00  27.50  26.50  24.00  24.50  24.00
 11.2N / 41:  36.00  32.50  25.50  16.50  14.50  14.50  15.50  22.00  25.00  25.00  22.00  11.50  13.00  17.50  23.50  18.50  13.50  18.50  20.00  25.00  21.00  20.50  20.50  22.00
 8.8N  / 40:  32.00  20.50  15.00  11.00  12.00  11.50  13.00  15.50  18.00  18.00  18.00  17.00  10.50   7.00   7.50   8.50   8.00   6.50   6.50  10.00  11.50   9.50  16.00  23.00
 6.2N  / 39:  30.00  27.50  23.50  24.50  20.50  18.50  16.50  14.50  13.00  15.00  14.00  15.50  13.50  14.00  12.00   3.00   5.50   5.50   8.50   8.00   7.50   8.00   8.00  13.50
 3.8N  / 38:  33.00  29.00  29.50  29.00  28.00  26.00  23.50  23.00  22.50  17.50  14.00  12.50  14.50  16.50  15.00   4.00   6.00   8.00   8.50   7.50   8.50  10.00  11.00   9.00
 1.2N  / 37:  30.50  28.00  26.00  25.50  28.50  28.00  24.50  24.50  27.50  28.50  27.50  25.00  26.00  20.00   7.50   4.00   9.50   9.50  10.00   9.50   9.00  10.00   9.50  10.50
 1.2S  / 36:  23.50  27.00  25.50  24.00  26.50  27.50  22.50  20.00  21.50  26.00  30.00  30.00  26.00  19.00   4.00   4.50   9.00  13.50  12.00  13.00  11.00  11.00  12.00  14.00
 3.8S  / 35:  22.00  25.00  32.00  31.00  31.50  26.00  28.50  29.00  26.50  27.00  34.50  36.50  22.00  16.00   5.00   8.50  10.00  13.00  14.00  14.00  13.50  13.00  14.00  13.00
 6.2S  / 34:  26.00  30.00  33.50  40.50  37.00  34.00  32.00  38.00  43.00  42.50  47.00  52.00  46.00  29.50  11.00   9.00  11.50  13.50  14.50  17.00  15.00  14.00  10.00   8.50
 8.8S  / 33:  29.00  28.50  33.00  35.50  40.50  47.50  47.50  47.50  56.00  60.00  60.00  65.50  65.00  59.00  38.50  10.00  12.00  11.50  13.00  14.00  13.50  11.50  10.00   7.50
 11.2S / 32:  39.50  43.50  43.00  42.50  40.50  46.00  52.00  55.50  57.00  62.00  65.50  71.00  71.50  70.00  29.00   8.50  11.00  10.50  14.00  14.50  12.50   9.50   9.50   7.50
 13.8S / 31:  38.50  41.00  49.50  49.50  49.00  54.50  57.00  58.50  61.00  61.00  61.50  61.00  64.50  66.00  57.00  16.00   8.50   7.00  11.00  14.00  15.00  14.00  14.00  11.00
 16.2S / 30:  37.50  44.00  48.50  48.00  47.50  48.50  52.50  55.00  56.00  53.50  53.50  56.00  53.00  49.50  53.50  56.00  32.50  14.50   ....   8.00  12.00  17.00  18.00  15.50
 18.8S / 29:  44.00  44.00  44.00  42.50  42.00  42.50  40.50  43.00  47.00  48.00  47.00  53.50  56.50  47.00  50.50  59.50  56.50  18.50   6.00   6.00   6.00  14.00  20.00  17.50
 21.2S / 28:  48.00  47.00  44.50  46.00  43.50  42.00  42.00  45.00  45.00  46.50  46.50  50.00  51.00  52.50  55.50  55.50  59.50  49.50  10.50   ....   9.50  20.50  18.50  13.50
