             VARIABLE : Mean low cloud amount (%)
             FILENAME : ISCCPMonthly_avg.nc
             FILEPATH : /usr/local/fer_data/data/
             SUBSET   : 24 by 24 points (LONGITUDE-LATITUDE)
             TIME     : 16-DEC-1995 00:00
              113.8W 111.2W 108.8W 106.2W 103.8W 101.2W 98.8W  96.2W  93.8W  91.2W  88.8W  86.2W  83.8W  81.2W  78.8W  76.2W  73.8W  71.2W  68.8W  66.2W  63.8W  61.2W  58.8W  56.2W  
               27     28     29     30     31     32     33     34     35     36     37     38     39     40     41     42     43     44     45     46     47     48     49     50
 36.2N / 51:   9.50   5.00   5.00   6.00   7.50  13.50  16.00  16.00  21.00  20.00  21.50  22.00  19.00  19.00  20.00  29.50  50.50  47.50  47.50  48.50  53.00  51.50  48.50  48.50
 33.8N / 50:  12.00  12.00   9.50   9.00   9.50  14.00  24.00  24.00  28.00  23.00  18.50  21.50  25.50  25.50  26.50  44.00  50.50  48.50  48.50  48.50  48.50  47.00  46.00  44.00
 31.2N / 49:  16.00  16.00  11.50  12.00   9.00  15.50  24.50  26.50  26.50  24.50  23.00  24.00  23.00  34.00  46.00  46.00  37.00  40.50  41.50  41.50  41.50  43.50  43.50  41.50
 28.8N / 48:  25.50  13.00  13.00   9.50   8.50  15.00  28.50  33.50  30.00  31.00  31.00  32.00  25.00  23.50  42.00  39.50  37.50  36.50  36.50  35.00  36.50  34.00  37.00  35.00
 26.2N / 47:  27.00  24.00  12.50  12.50   6.00  11.00  22.00  29.00  28.00  25.50  31.50  32.00  32.00  19.50  24.50  33.00  32.50  35.00  38.50  35.50  38.00  37.50  37.50  33.00
 23.8N / 46:  29.50  24.00  20.00   9.00   9.00   5.00  13.50  25.50  25.00  20.50  27.00  32.50  27.00  26.50  30.50  33.50  33.50  35.00  35.50  32.50  31.00  30.50  32.00  28.00
 21.2N / 45:  30.50  31.00  26.00  20.00   7.50   7.00  16.50  29.00  27.00  19.00  19.00  23.00  30.00  27.00  19.00  23.00  31.00  28.50  28.00  27.50  28.50  31.00  30.00  27.50
 18.8N / 44:  32.50  32.50  28.50  24.50  16.00  13.00   9.50  16.00  31.00  22.00  16.00  28.00  33.50  32.00  26.50  28.00  20.00  23.00  25.50  25.50  26.50  25.00  29.00  31.00
 16.2N / 43:  27.50  24.50  25.50  25.00  20.00  16.00   9.50  15.50  14.00  14.50  14.50  27.50  29.00  33.00  32.00  31.00  31.00  30.50  27.50  28.00  28.50  30.50  27.50  31.00
 13.8N / 42:  25.50  25.00  25.00  23.50  21.00  19.00  19.50  21.00  17.00  13.00  14.00  20.00  19.00  30.50  29.50  27.50  26.00  28.00  28.50  23.50  25.50  30.00  29.00  31.00
 11.2N / 41:  23.00  25.50  26.00  22.00  21.50  20.00  20.00  19.00  18.00  21.00  25.00  18.00  23.50  24.50  23.00  18.50  17.50  20.50  20.50  19.00  20.50  25.00  25.00  29.50
 8.8N  / 40:  34.00  35.00  30.00  28.50  29.50  29.00  24.00  23.00  23.00  21.00  21.00  25.00  20.00  15.00  15.00  11.50  12.50  12.50  13.50  17.00  19.50  18.50  21.00  31.50
 6.2N  / 39:  60.50  58.50  54.00  54.00  50.50  52.50  53.50  49.00  47.50  42.00  41.00  32.00  27.00  25.00  23.00   5.50   9.00  11.50  13.50  15.00  17.00  15.50  14.50  19.50
 3.8N  / 38:  67.50  64.50  66.00  67.50  67.00  65.00  65.50  65.00  62.00  56.50  53.00  50.50  48.00  44.50  29.50   4.50  10.00  13.50  13.00  12.00  11.00  15.00  15.50  14.00
 1.2N  / 37:  42.50  43.00  48.50  56.00  53.50  49.00  50.00  45.00  45.50  48.50  54.00  52.50  46.50  39.00  12.50   7.00  12.00  10.00  10.00   9.00  11.00  11.50  13.50  15.50
 1.2S  / 36:  28.50  31.50  35.00  36.50  38.00  38.50  39.50  33.50  26.00  35.50  43.50  38.50  30.50  26.50  11.00   7.00   8.00   6.50   7.50   8.00   8.00   8.50  11.00  12.50
 3.8S  / 35:  26.00  30.00  32.50  34.50  31.50  36.00  40.00  39.00  39.50  43.00  45.00  42.00  28.00  15.50  10.00   6.50   6.50   6.00   6.50   7.50   7.00   6.50   8.00   9.00
 6.2S  / 34:  20.00  24.00  33.00  41.00  40.00  38.00  37.00  40.50  43.00  42.50  48.50  44.00  36.00  19.50  14.00   7.50   9.00   8.00   7.00   7.00   7.00   6.00   7.00   7.00
 8.8S  / 33:  32.00  35.00  40.50  45.00  45.00  44.00  42.00  39.50  43.50  46.00  46.00  47.50  40.50  32.00  20.50   7.50   8.50   8.00   8.50   8.50   7.00   6.50   6.00   7.00
 11.2S / 32:  39.50  39.50  42.00  46.50  48.50  51.50  56.00  55.00  51.50  50.00  46.50  52.00  44.50  34.00  17.50   8.00   7.00   9.50  11.50  10.50   8.00   7.00   7.00   6.50
 13.8S / 31:  46.50  51.00  55.00  54.50  52.50  53.50  59.00  64.00  62.50  63.00  59.50  54.50  56.50  54.00  35.00  13.50   9.00   6.00  10.00  13.50  13.00   9.50   7.00   8.00
 16.2S / 30:  45.50  52.00  52.00  54.50  55.50  60.00  61.50  62.50  64.00  60.50  60.50  59.50  63.00  64.00  65.50  52.00  26.50   9.50   ....   9.00  12.50  13.00  10.00   9.00
 18.8S / 29:  42.50  42.50  44.50  50.00  51.50  53.00  56.50  59.00  58.50  57.50  58.50  58.00  59.50  57.50  63.50  68.50  58.00  21.00   ....   ....  10.00  12.50  12.50  13.50
 21.2S / 28:  37.50  35.00  37.50  42.00  39.00  41.50  45.50  47.00  52.00  60.00  60.00  61.50  60.00  56.50  53.50  60.00  63.50  52.50  11.50   8.00  16.50  17.50  16.50  17.00
