             VARIABLE : Mean low cloud amount (%)
             FILENAME : ISCCPMonthly_avg.nc
             FILEPATH : /usr/local/fer_data/data/
             SUBSET   : 24 by 24 points (LONGITUDE-LATITUDE)
             TIME     : 16-OCT-1995 00:00
              113.8W 111.2W 108.8W 106.2W 103.8W 101.2W 98.8W  96.2W  93.8W  91.2W  88.8W  86.2W  83.8W  81.2W  78.8W  76.2W  73.8W  71.2W  68.8W  66.2W  63.8W  61.2W  58.8W  56.2W  
               27     28     29     30     31     32     33     34     35     36     37     38     39     40     41     42     43     44     45     46     47     48     49     50
 36.2N / 51:  14.00   8.00   8.00   8.50  12.00  21.50  26.00  26.00  28.00  22.50  21.50  17.50  14.00  14.00  13.00  19.50  41.00  40.50  40.50  34.50  28.50  28.50  27.00  27.00
 33.8N / 50:  17.00  17.00   8.50   8.50  13.50  19.00  20.50  20.50  21.50  20.00  16.00  12.50  13.50  13.50  17.00  30.00  34.00  31.00  27.50  27.50  25.00  24.50  29.00  32.50
 31.2N / 49:  16.50  16.50   8.50   8.00  12.50  16.00  20.50  20.50  20.50  15.50  12.00  14.00  15.00  25.00  31.50  31.50  31.00  29.00  28.00  23.00  23.00  31.00  31.00  36.00
 28.8N / 48:  27.00  11.50  11.50   6.00   9.00  14.50  21.50  21.50  22.00  20.50  20.50  25.00  24.00  18.00  32.50  33.50  27.00  22.00  22.00  21.50  25.00  29.00  27.50  26.00
 26.2N / 47:  25.00  20.50  13.00  13.00   7.00  10.00  22.00  30.00  35.50  25.50  27.50  30.00  30.00  19.00  20.50  28.00  25.00  19.50  20.00  23.00  22.50  24.00  24.00  19.50
 23.8N / 46:  25.00  17.50  18.50   7.50   7.50   5.50  13.50  25.00  32.00  23.00  25.00  28.00  22.00  18.50  19.50  21.50  21.50  22.50  21.50  18.00  21.00  22.00  22.00  17.00
 21.2N / 45:  28.50  20.00  18.50  20.00   5.00   9.00  15.50  27.50  24.50  14.50  14.50  18.00  23.00  18.00  11.50  11.00  13.00  19.50  18.50  20.00  22.50  25.00  18.50  15.00
 18.8N / 44:  28.50  28.50  22.00  30.50  16.50  12.00   8.50  10.50  19.00  15.50  11.50  26.50  26.50  17.50  14.00  13.50  12.00  14.00  16.00  16.00  24.00  22.50  18.50  15.50
 16.2N / 43:  32.00  27.50  31.00  32.00  22.00  16.50  12.00  12.50   7.50   7.50   7.50  14.00  20.00  21.50  16.50  15.00  15.50  17.00  19.00  19.00  22.00  21.00  23.00  24.00
 13.8N / 42:  35.00  34.50  30.00  26.50  24.50  21.00  23.50  23.50  24.00  14.00   7.50   9.50  14.00  21.50  21.00  18.50  18.50  18.00  18.50  19.50  22.00  23.00  25.50  31.50
 11.2N / 41:  31.50  32.00  26.00  23.50  22.00  20.00  20.00  23.50  23.00  22.00  19.50  11.50  16.50  21.50  20.50  15.50  10.00  13.00  16.00  20.50  21.50  24.50  24.50  28.50
 8.8N  / 40:  34.50  30.50  29.50  29.00  26.00  26.50  26.50  27.50  26.00  26.00  26.00  21.50  12.00   8.50  11.50  10.50   6.00   6.00   8.00  12.00  12.00  15.50  20.00  32.00
 6.2N  / 39:  49.00  47.00  44.50  43.50  45.00  43.00  42.00  44.50  42.00  40.50  34.00  28.00  22.00  16.50  14.00   4.00   6.00   7.50  11.50  10.00  10.50  12.00  14.00  18.00
 3.8N  / 38:  57.50  55.00  52.50  49.50  52.00  57.50  60.00  64.50  61.50  57.00  51.00  49.00  42.50  34.50  20.00   4.50   8.00  12.00  11.50  11.00  13.00  17.00  17.50  13.50
 1.2N  / 37:  41.50  41.00  39.00  40.00  46.00  52.50  56.00  63.00  64.00  58.00  61.00  56.00  50.50  43.00  10.50   6.50  10.00  10.00  12.00  11.00  14.00  18.00  16.00  14.50
 1.2S  / 36:  28.00  32.00  33.50  33.00  29.50  35.00  35.00  40.00  46.00  52.00  54.00  41.50  37.50  25.50   9.00   7.50   9.50  10.00  10.50  10.00  12.50  14.00  16.50  18.50
 3.8S  / 35:  27.00  30.00  31.00  33.50  32.00  34.50  40.50  47.00  49.00  54.50  49.00  32.00  23.00  21.00   7.50   9.00  10.50   9.50   9.00   9.00  10.50  13.50  17.00  18.50
 6.2S  / 34:  19.00  26.50  33.00  38.00  41.00  45.00  47.50  52.00  57.50  61.50  63.00  55.00  42.00  24.00  12.00   8.50  12.50  11.50  10.00  10.50  11.00  12.00  12.50  14.50
 8.8S  / 33:  28.50  35.50  44.50  53.50  56.00  62.50  64.50  62.00  63.00  71.50  71.50  67.00  60.00  46.00  21.00   7.00  11.50  12.50  14.00  14.50  13.50  12.50  11.50  12.00
 11.2S / 32:  35.50  36.50  44.50  52.00  61.00  67.00  65.00  65.50  64.50  66.50  65.00  61.50  67.00  53.50  20.50   9.50  11.00  14.00  15.50  14.50  15.00  12.00  12.00  12.50
 13.8S / 31:  43.50  48.50  48.50  50.50  54.00  60.50  60.50  56.00  53.50  54.50  55.00  51.50  44.00  36.50  52.00  13.00  10.00  10.50  13.50  17.50  15.00  15.00  18.50  17.50
 16.2S / 30:  43.50  46.50  43.50  47.50  50.00  52.50  51.00  49.00  50.00  48.00  48.00  45.00  42.50  30.00  34.00  43.50  20.00   8.50   6.00  14.00  14.50  18.00  20.50  20.50
 18.8S / 29:  39.50  39.50  43.50  45.00  43.50  40.00  44.50  47.00  48.50  48.00  47.00  38.00  36.50  44.50  35.50  46.50  39.00  19.50   ....   ....  12.50  18.50  24.50  19.00
 21.2S / 28:  40.00  40.00  43.00  38.50  39.50  41.50  44.50  45.00  49.50  46.50  46.50  46.50  43.00  53.00  55.50  42.50  55.00  41.50  10.00   5.00  23.00  24.50  22.00  18.50
