             VARIABLE : Mean low cloud amount (%)
             FILENAME : ISCCPMonthly_avg.nc
             FILEPATH : /usr/local/fer_data/data/
             SUBSET   : 24 by 24 points (LONGITUDE-LATITUDE)
             TIME     : 16-OCT-1998 00:00
              113.8W 111.2W 108.8W 106.2W 103.8W 101.2W 98.8W  96.2W  93.8W  91.2W  88.8W  86.2W  83.8W  81.2W  78.8W  76.2W  73.8W  71.2W  68.8W  66.2W  63.8W  61.2W  58.8W  56.2W  
               27     28     29     30     31     32     33     34     35     36     37     38     39     40     41     42     43     44     45     46     47     48     49     50
 36.2N / 51:  18.50  10.00  10.00   8.00  10.00  13.50  17.00  17.00  11.50  14.50  16.50  15.50  16.00  16.00  15.00  25.00  49.00  46.00  46.00  40.00  38.00  35.50  30.50  30.50
 33.8N / 50:  18.00  18.00  10.50   9.50  12.00  18.50  18.00  18.00  13.00  16.50  12.00  11.50  12.50  12.50  18.00  29.00  34.50  34.00  35.00  35.00  35.50  34.50  31.00  32.00
 31.2N / 49:  19.50  19.50  11.50  12.50  15.00  18.00  14.50  12.00  12.00  12.50  11.00  12.00  13.50  25.50  33.50  33.50  28.50  32.50  36.00  34.50  34.00  32.00  32.00  28.50
 28.8N / 48:  19.50  17.00  17.00  10.50  10.50  14.00  14.00  17.00  29.00  18.00  18.00  20.00  16.00  17.50  29.00  30.50  29.50  34.00  34.00  30.50  31.00  28.50  31.00  25.50
 26.2N / 47:  15.00  23.00  12.00  12.00   8.50  13.00  13.50  23.50  34.00  25.50  22.00  23.00  23.00  14.50  20.00  31.00  29.50  27.50  23.50  27.50  26.00  29.00  29.00  28.50
 23.8N / 46:  22.50  19.50  14.50   7.50   7.50   8.00  10.50  21.00  20.00  22.00  25.00  26.00  19.50  17.50  21.00  26.50  26.50  23.50  24.50  25.50  26.50  25.50  26.50  26.50
 21.2N / 45:  46.00  30.50  23.00  11.50   5.50   6.00   8.50  23.50  28.00  19.00  19.00  15.00  16.50  15.00  12.00  13.50  18.50  20.50  23.00  25.50  25.50  24.00  25.50  27.50
 18.8N / 44:  34.50  34.50  24.00  15.50  10.50   6.00   5.00   7.50  21.00  18.00  10.50  19.50  17.00  15.50  13.50  17.00  14.00  13.50  20.50  20.50  23.00  23.00  22.50  28.00
 16.2N / 43:  37.00  30.00  25.00  19.50  20.50  19.50   9.50  10.50   7.00   7.00   7.00  11.50  13.00  14.50  19.50  25.50  27.50  24.50  27.00  29.50  26.50  26.00  21.50  26.00
 13.8N / 42:  30.50  26.50  21.50  22.00  20.50  20.50  20.00  19.50  19.50  11.00   6.00   5.50   6.50  17.50  20.50  26.00  25.50  21.50  25.00  26.50  27.50  23.00  24.00  25.50
 11.2N / 41:  26.50  22.50  23.00  23.50  21.50  19.50  18.50  19.50  19.50  19.00  14.00   5.50  11.50  17.50  17.00  17.00  13.00  18.50  19.00  25.00  23.50  23.00  23.00  24.00
 8.8N  / 40:  38.50  37.50  38.00  33.50  29.50  29.00  25.00  17.00  17.00  22.50  22.50  20.50  14.00   9.00  11.00   9.00   6.50   7.00  11.00  14.00  15.00  14.50  19.50  29.00
 6.2N  / 39:  51.00  53.50  56.00  58.00  54.00  51.50  47.50  44.00  39.00  42.50  41.00  35.00  31.50  29.00  20.00   3.00   4.50   9.00  12.50  11.50  11.00  11.50  13.00  20.00
 3.8N  / 38:  49.50  49.50  50.50  51.50  56.50  59.00  62.00  66.00  64.00  63.50  54.50  45.50  43.50  39.50  24.00   4.50   7.00   9.50  10.00   9.00  10.00  15.00  14.50  13.50
 1.2N  / 37:  27.50  28.00  25.00  28.00  34.00  37.00  43.00  45.50  43.50  43.00  47.50  47.00  50.50  44.00  10.00   5.00   7.50   8.00   8.50   8.50  11.00  12.00  13.00  15.50
 1.2S  / 36:  15.00  17.00  16.00  14.50  15.00  19.00  23.00  26.50  22.50  30.50  32.50  38.50  40.50  22.50   7.50   7.00   8.50   9.50   9.00   8.50  11.00  11.50  13.00  15.00
 3.8S  / 35:  17.00  22.00  22.50  24.00  23.50  24.00  31.50  37.00  42.50  48.00  43.00  34.00  25.50  12.00   6.50   7.50   8.50   9.50  10.00  10.00  10.50  11.50  12.50  12.50
 6.2S  / 34:  18.50  21.00  28.00  33.50  37.50  39.50  44.00  54.50  57.50  61.50  64.50  56.50  48.00  23.50   9.50   7.50   8.00   7.50   9.50   9.50   9.00   9.00   8.50   9.50
 8.8S  / 33:  22.50  31.50  38.50  47.00  52.00  57.00  61.00  61.00  59.00  64.50  64.50  67.00  60.00  53.50  26.50   6.50   8.00   8.00   9.00   9.50  10.00   9.00   8.00   7.00
 11.2S / 32:  28.00  33.50  40.50  45.00  50.50  55.00  60.00  56.50  52.50  50.00  56.00  62.00  55.00  54.50  18.00   5.00   6.00   8.50  10.50  12.50  10.00   9.00   9.00  10.00
 13.8S / 31:  35.00  37.00  39.00  44.50  45.00  48.50  50.00  51.50  46.50  44.00  40.50  42.50  42.50  35.50  40.50  14.00   9.50   6.00   9.50  15.50  14.00  12.50  15.00  14.50
 16.2S / 30:  37.50  42.50  44.50  44.00  44.50  46.00  47.00  44.50  40.50  34.50  34.50  30.50  26.50  21.00  21.50  30.00  21.50  13.00   7.00  11.00  15.50  14.00  14.00  15.00
 18.8S / 29:  42.00  42.00  43.00  43.50  42.50  43.00  45.50  44.50  41.00  39.00  35.00  31.50  28.00  18.00  10.50  14.00  26.50  17.00  10.00  10.00  11.50  18.50  20.00  16.00
 21.2S / 28:  38.00  40.00  42.50  45.50  44.00  46.50  47.50  48.00  47.00  43.00  43.00  42.50  32.00  32.00  21.00   9.00  11.50  22.00  15.00   ....  24.50  23.50  18.50  18.50
