             VARIABLE : Mean high cloud amount (%)
             FILENAME : ISCCPMonthly_avg.nc
             FILEPATH : /usr/local/fer_data/data/
             SUBSET   : 24 by 24 points (LONGITUDE-LATITUDE)
             TIME     : 16-MAR-1998 00:00
              113.8W 111.2W 108.8W 106.2W 103.8W 101.2W 98.8W  96.2W  93.8W  91.2W  88.8W  86.2W  83.8W  81.2W  78.8W  76.2W  73.8W  71.2W  68.8W  66.2W  63.8W  61.2W  58.8W  56.2W  
               27     28     29     30     31     32     33     34     35     36     37     38     39     40     41     42     43     44     45     46     47     48     49     50
 36.2N / 51:  10.50   9.00   9.00  12.00  13.00  14.00  15.00  15.00  15.00  17.50  17.50  18.50  19.00  19.00  18.00  10.50  12.50  15.50  15.50  18.00  19.00  19.50  13.00  13.00
 33.8N / 50:   6.50   6.50   9.50   9.50   9.50  10.50  11.00  11.00  12.00  12.00  14.00  16.50  18.00  18.00  18.00  10.50  14.50  17.50  19.50  19.50  20.00  18.50  16.50  20.50
 31.2N / 49:   2.50   2.50   3.50   7.00   7.00   7.00   7.50   7.50   7.50   7.00  10.00  13.00  15.50  15.50  15.50  15.50  16.50  17.50  25.50  21.50  20.00  20.00  20.00  25.00
 28.8N / 48:   1.50   2.50   2.50   4.50   5.50   5.50   5.50   6.00   6.00   7.50   7.50  10.50  14.00  15.00  16.00  18.50  20.50  27.00  27.00  26.50  27.00  23.50  23.50  21.50
 26.2N / 47:   3.00   4.00   5.50   5.50   7.50   7.00   7.00   8.00   8.00   7.50   7.00   8.00   8.00  10.50  12.00  15.50  19.00  26.50  29.00  24.50  19.00  17.00  17.00  15.50
 23.8N / 46:   5.50   6.50   6.50   6.00   6.00   7.50   6.00   7.00   5.50   5.00   4.50   5.00   6.00   9.00  11.00  14.50  14.50  22.00  22.50  18.00  13.00  13.00  12.50  11.00
 21.2N / 45:   5.50   5.50   5.00   4.50   3.50   3.00   2.50   1.50   1.50   2.00   2.00   2.50   3.00   5.00   7.50  10.00  11.50  15.00  11.50   9.00  10.50  11.00   8.50   7.50
 18.8N / 44:   3.50   3.50   4.50   3.00   2.00   1.00   1.00   1.50   1.50   1.00   2.00   1.50   2.50   6.00   6.50   5.00   8.50   8.00   5.00   5.00   4.00   5.50   4.50   4.50
 16.2N / 43:   2.50   2.50   2.00   1.50   1.00   1.50   1.50   2.00   2.00   2.00   2.00   1.50   3.00   4.50   3.00   2.00   5.50   5.50   3.00   3.00   1.50   0.50   1.00   2.00
 13.8N / 42:   3.00   2.00   3.00   3.00   3.00   3.00   3.00   2.50   2.00   2.50   2.50   4.50   4.50   3.00   2.50   4.00   4.50   2.50   2.00   0.50   0.50   1.50   2.50   3.00
 11.2N / 41:   6.00   5.50   4.00   4.50   4.50   4.00   2.00   2.00   2.50   2.50   3.00   4.50   5.00   3.50   3.50   4.50   9.00   5.50   1.00   1.50   2.50   3.00   3.00   2.50
 8.8N  / 40:  11.50  13.00   9.50   9.00   6.50   7.00   5.00   4.00   4.50   5.50   5.50   7.00   6.00   9.00   6.00   6.50  11.50  16.00   8.00   3.50   4.00   4.50   3.00   1.00
 6.2N  / 39:  30.00  25.50  27.00  29.00  27.50  25.50  21.50  18.00  18.50  17.00  16.00  15.50  13.00  13.50  13.50  27.00  32.00  23.50  15.00  13.50  10.00   8.50   5.00   3.50
 3.8N  / 38:  42.50  41.00  42.00  43.00  40.00  43.00  41.50  37.00  34.50  25.00  24.50  18.50  18.00  21.50  36.50  44.00  38.50  28.50  27.50  24.50  14.00   8.50   7.00   8.50
 1.2N  / 37:  38.50  41.50  44.00  39.50  36.50  42.50  41.50  35.00  26.50  18.00  17.50  20.00  25.00  43.00  52.50  42.50  43.00  39.50  33.50  30.00  17.50  19.00  18.50  18.50
 1.2S  / 36:  32.50  34.00  33.50  36.50  36.00  37.50  35.50  34.50  31.50  28.00  28.00  29.50  37.00  50.50  48.00  41.50  49.00  44.50  40.00  35.50  32.00  35.00  32.00  33.00
 3.8S  / 35:  29.50  30.50  28.00  29.50  32.50  29.00  36.00  39.50  33.00  30.50  34.50  42.50  46.00  52.50  44.50  40.50  46.00  42.00  47.50  44.00  43.50  53.00  47.00  40.50
 6.2S  / 34:  21.00  22.00  23.50  20.00  21.50  21.00  26.00  30.50  24.50  25.50  29.00  35.50  40.00  40.00  38.00  36.50  42.50  38.00  42.00  44.00  42.00  56.00  54.00  47.00
 8.8S  / 33:  13.00  13.00  12.50  13.00  13.00  11.00  11.00  10.50  11.50  14.00  14.00  18.00  19.00  20.00  17.50  38.00  42.00  35.50  34.00  36.00  34.50  48.50  51.50  51.50
 11.2S / 32:   4.00   5.00   5.50   5.50   6.50   7.00   5.50   4.50   3.50   5.00   7.00   4.50   4.50   5.00  14.50  35.50  34.50  31.00  26.50  29.00  41.50  45.00  45.00  45.50
 13.8S / 31:   1.50   1.50   2.50   3.50   4.00   3.00   5.00   4.50   3.00   3.00   3.50   2.00   1.00   2.00   3.50  13.00  36.00  36.00  28.50  21.00  22.50  39.50  40.50  36.50
 16.2S / 30:   1.00   3.00   4.00   3.50   3.00   2.00   2.00   3.50   3.50   2.50   2.50   1.50   0.50   0.50   1.00   3.50   7.50  15.50  24.00  24.50  17.50  22.00  31.50  34.00
 18.8S / 29:   3.00   3.00   4.50   4.00   2.00   2.00   2.00   1.50   2.50   2.50   3.50   1.50   0.50   0.50   0.50   0.50   0.50   3.00  13.50  13.50  21.00  16.50  18.50  25.00
 21.2S / 28:   4.00   5.00   5.00   3.50   3.50   3.00   3.00   3.00   3.50   3.00   3.00   3.50   2.50   1.00   0.00   0.00   0.00   0.00   2.00   9.00  14.00  17.50  20.50  27.00
