             VARIABLE : Mean low cloud amount (%)
             FILENAME : ISCCPMonthly_avg.nc
             FILEPATH : /usr/local/fer_data/data/
             SUBSET   : 24 by 24 points (LONGITUDE-LATITUDE)
             TIME     : 16-JAN-2000 00:00
              113.8W 111.2W 108.8W 106.2W 103.8W 101.2W 98.8W  96.2W  93.8W  91.2W  88.8W  86.2W  83.8W  81.2W  78.8W  76.2W  73.8W  71.2W  68.8W  66.2W  63.8W  61.2W  58.8W  56.2W  
               27     28     29     30     31     32     33     34     35     36     37     38     39     40     41     42     43     44     45     46     47     48     49     50
 36.2N / 51:  11.00   6.50   6.50   5.00   8.00  18.50  26.00  26.00  27.50  27.00  24.50  17.00  15.50  15.50  20.50  29.00  44.00  39.50  39.50  39.50  38.00  42.50  42.00  42.00
 33.8N / 50:  13.50  13.50   7.50   7.00  10.50  20.50  25.00  25.00  28.50  26.50  22.50  17.00  18.00  18.00  27.00  37.50  36.50  32.50  31.50  31.50  37.50  40.00  39.50  37.00
 31.2N / 49:  17.00  17.00  10.00   7.50  13.00  19.50  27.00  30.50  30.50  30.50  26.50  24.50  23.00  35.00  37.50  37.50  33.50  37.50  37.00  36.50  33.00  34.50  34.50  37.00
 28.8N / 48:  18.00  13.00  13.00   7.00   8.00  14.50  27.50  31.50  34.50  32.50  32.50  31.00  24.50  24.50  37.50  41.00  36.00  32.50  32.50  34.00  32.50  32.50  38.00  38.00
 26.2N / 47:  18.00  17.00   7.50   7.50   6.00   8.50  23.00  37.50  35.00  34.50  35.00  37.00  37.00  18.50  27.50  31.00  33.00  31.00  30.50  30.00  31.00  36.50  36.50  35.50
 23.8N / 46:  20.50  18.00  14.00   8.00   8.00   4.00  16.00  34.00  32.00  28.50  23.50  30.50  23.00  22.00  21.50  29.00  29.00  28.50  32.00  29.00  26.50  27.00  28.00  26.50
 21.2N / 45:  30.00  23.00  16.00  10.00   5.00   5.00  21.00  26.50  19.50  16.50  16.50  19.50  21.00  21.50  17.00  19.50  24.00  26.00  24.00  21.00  22.50  23.50  25.00  29.00
 18.8N / 44:  34.00  34.00  22.00  13.50   7.00   8.00   7.00  14.50  19.00  12.00  15.00  20.00  22.00  23.00  19.00  21.00  23.00  24.00  21.50  21.50  24.00  24.50  29.00  32.00
 16.2N / 43:  33.00  22.50  13.00  10.00   3.00   2.50   6.00  16.50  16.00  17.00  17.00  23.50  24.00  21.50  22.50  21.50  23.00  19.00  23.50  22.00  24.50  31.00  33.50  33.00
 13.8N / 42:  25.00  22.00  15.00   7.50   5.00   2.00   2.00  12.50  14.50   7.50  13.00  23.00  23.50  27.00  26.50  25.50  27.50  27.50  28.50  29.50  31.00  35.50  32.50  31.00
 11.2N / 41:  21.50  17.00  12.50   9.50   6.50   4.50   5.50   5.50   7.50   9.50  10.50  19.00  30.50  29.00  18.00  10.50  22.00  23.00  26.00  27.50  30.00  29.00  29.00  29.50
 8.8N  / 40:  21.50  20.00  17.50  17.00  15.00  14.50  15.00  14.00  14.00  18.00  18.00  18.00  19.50  22.00  21.50  13.00  13.50  18.00  16.50  20.50  24.50  22.00  27.50  36.50
 6.2N  / 39:  43.00  42.50  39.00  34.50  27.00  29.00  29.50  28.50  27.50  27.50  27.50  25.50  28.00  23.50  23.00   8.50  11.50  13.50  14.50  19.50  20.50  16.50  16.00  21.00
 3.8N  / 38:  58.00  55.50  57.00  55.00  51.00  48.50  46.00  42.50  40.50  36.00  32.50  30.50  31.50  30.00  27.50   6.00  13.50  14.00  17.50  16.50  13.50  15.00  14.00  11.00
 1.2N  / 37:  40.00  40.00  41.50  41.50  45.50  45.50  43.50  44.00  42.50  41.00  40.00  39.50  37.50  35.00  12.00   7.50  14.50  14.50  12.50  11.00  11.50  10.50   9.00   7.00
 1.2S  / 36:  22.00  24.00  26.00  26.00  27.00  34.00  33.00  31.50  33.00  34.00  34.00  31.50  32.00  24.00  10.00  10.50  13.00  12.00   9.00   8.00   8.00   6.50   6.00   6.00
 3.8S  / 35:  17.00  20.00  23.00  23.50  21.50  22.50  25.00  27.50  27.50  29.50  31.50  28.50  25.00  21.50   6.50   8.50  10.00   9.00   5.50   6.00   6.00   5.50   5.50   6.00
 6.2S  / 34:  19.50  20.50  24.00  25.50  24.00  25.00  26.00  26.00  27.00  31.00  33.50  33.00  30.00  23.00  12.50   5.00   7.00   5.50   5.00   4.00   4.00   5.00   4.00   4.00
 8.8S  / 33:  17.50  20.50  24.00  28.50  30.00  34.50  37.50  39.50  36.50  38.50  38.50  41.50  39.50  29.00  20.50   6.50   4.50   4.50   5.00   5.00   4.50   4.00   4.00   4.00
 11.2S / 32:  24.00  22.50  23.00  25.50  29.00  37.50  44.50  49.50  51.00  50.00  53.00  47.00  38.50  30.50  16.00   1.50   4.00   5.00   7.00   6.50   5.50   5.50   5.50   6.00
 13.8S / 31:  41.00  41.50  40.50  39.00  34.50  36.00  41.50  49.50  55.00  56.00  55.00  48.50  46.00  41.50  30.00  10.00   2.00   3.00   7.00  10.00   9.00   7.50   7.50   8.00
 16.2S / 30:  39.50  45.00  45.00  42.50  40.50  43.00  49.00  52.50  53.00  50.50  50.50  50.50  47.50  44.00  41.00  35.00  21.00   7.50   ....   4.50  10.00  11.00  12.00  11.50
 18.8S / 29:  35.00  35.00  41.00  45.50  43.50  42.00  46.00  50.00  52.00  53.50  51.50  51.50  49.00  43.00  38.50  39.00  36.50  13.00   7.50   7.50   6.00  13.50  14.00  13.50
 21.2S / 28:  31.00  30.50  34.50  40.00  42.50  41.00  47.50  47.00  47.50  48.50  48.50  47.50  48.00  46.50  42.50  41.50  40.00  30.50  11.50   ....  12.50  16.50  15.00  16.00
