             VARIABLE : Mean low cloud amount (%)
             FILENAME : ISCCPMonthly_avg.nc
             FILEPATH : /usr/local/fer_data/data/
             SUBSET   : 24 by 24 points (LONGITUDE-LATITUDE)
             TIME     : 16-NOV-2000 00:00
              113.8W 111.2W 108.8W 106.2W 103.8W 101.2W 98.8W  96.2W  93.8W  91.2W  88.8W  86.2W  83.8W  81.2W  78.8W  76.2W  73.8W  71.2W  68.8W  66.2W  63.8W  61.2W  58.8W  56.2W  
               27     28     29     30     31     32     33     34     35     36     37     38     39     40     41     42     43     44     45     46     47     48     49     50
 36.2N / 51:  13.00   6.50   6.50   6.00   3.50  11.00  14.00  14.00  15.50  13.00  13.50  13.00  10.50  10.50  12.50  25.00  46.50  43.50  43.50  39.50  33.00  33.00  29.50  29.50
 33.8N / 50:   8.50   8.50   4.00   5.00   6.00  11.00  13.00  13.00  10.00   7.50   9.50   8.50   7.50   7.50  16.50  32.00  43.50  38.00  39.50  39.50  35.50  35.00  36.00  34.50
 31.2N / 49:  16.50  16.50   7.00   7.00   7.50  11.50  14.00  13.00  13.00  12.00  12.50  13.50  10.50  25.00  40.50  40.50  36.50  37.00  36.50  38.00  37.50  37.50  37.50  38.50
 28.8N / 48:  18.50  13.00  13.00   4.00   7.00  10.00  21.50  27.00  33.00  33.00  33.00  30.00  24.00  21.00  36.50  37.00  40.50  43.50  43.50  44.00  43.00  41.00  37.50  34.50
 26.2N / 47:  20.00  20.00   9.50   9.50   6.50   9.00  24.00  42.00  39.50  35.00  37.00  33.50  33.50  21.00  25.00  35.50  35.50  35.50  35.00  35.50  34.50  31.50  31.50  28.00
 23.8N / 46:  32.50  30.50  22.00   8.00   8.00   8.00  18.50  37.50  40.00  35.00  32.00  32.00  27.50  26.00  21.00  29.50  29.50  29.00  31.50  28.00  29.50  28.00  24.00  22.50
 21.2N / 45:  40.50  39.50  37.00  24.50   8.00  10.50  21.00  31.50  33.50  19.50  19.50  19.50  23.50  23.00  15.50  19.00  24.50  24.50  22.00  21.50  19.50  21.50  24.00  23.50
 18.8N / 44:  39.50  39.50  33.50  25.00  16.00  13.50  11.00  15.50  26.50  20.00  15.00  26.50  27.00  22.50  18.50  14.50  16.50  21.50  21.50  21.50  23.50  26.00  26.00  25.50
 16.2N / 43:  32.50  25.00  25.50  23.00  19.50  16.50  10.50  15.00  14.50  15.50  15.50  20.50  24.00  22.00  19.50  21.00  24.00  22.00  24.50  25.50  28.50  30.50  26.00  24.00
 13.8N / 42:  25.00  21.50  22.00  23.00  21.00  18.50  15.00  16.00  18.50  14.50  14.50  15.50  17.00  20.50  20.50  22.00  19.00  20.50  25.50  27.00  25.00  23.00  27.00  26.50
 11.2N / 41:  22.50  22.00  23.00  22.50  23.50  21.50  19.00  20.00  21.00  23.00  23.00  18.50  23.50  22.00  21.00  18.50  16.50  16.50  22.00  25.50  23.00  22.00  22.00  28.50
 8.8N  / 40:  30.00  34.00  31.00  28.00  30.50  31.50  30.50  29.50  28.50  27.50  27.50  28.00  19.50  16.50  18.00  16.00  12.00   9.00  12.50  14.50  14.50  12.00  14.50  26.00
 6.2N  / 39:  56.00  57.00  56.00  58.50  57.00  59.50  59.00  58.50  53.00  48.00  42.50  39.00  33.00  32.00  25.50   5.50   5.50   9.50  14.00  12.00  10.00   9.00  10.50  17.00
 3.8N  / 38:  61.00  65.00  64.50  66.00  70.50  74.50  70.50  72.00  73.00  65.00  58.50  55.50  51.00  44.00  26.00   3.50   7.50  10.00  10.50  11.00   9.50  12.00  13.50  11.50
 1.2N  / 37:  34.50  34.50  38.00  42.50  52.50  54.00  55.50  55.50  54.50  50.50  55.50  61.00  63.00  46.00  11.00   7.00  10.00   8.50   8.50   9.00  10.50  11.50  10.00  11.00
 1.2S  / 36:  27.50  28.50  28.00  29.00  39.00  43.00  37.50  30.50  30.50  38.00  46.50  47.50  42.00  26.00  12.00   8.50   9.00   8.50   8.00   9.50   9.50   8.50   9.50  11.00
 3.8S  / 35:  25.50  28.50  33.00  35.00  38.50  41.50  44.50  43.00  47.00  51.50  51.00  48.00  30.00  18.00   8.50   9.50   8.50   7.00   6.50   7.00   6.50   7.50   9.50  10.00
 6.2S  / 34:  21.00  26.50  31.00  33.50  39.50  45.50  51.50  56.00  56.00  55.50  53.00  50.50  44.50  28.00  12.00  10.00  10.00   7.00   5.00   6.50   6.00   5.00   5.50   5.50
 8.8S  / 33:  27.00  33.50  39.00  43.50  49.00  51.50  54.50  57.00  56.50  56.50  56.50  51.50  49.00  49.50  25.00  10.00   9.00   7.50   8.00   6.50   7.00   5.50   4.50   4.00
 11.2S / 32:  32.00  33.50  41.00  44.00  52.00  59.50  59.00  59.00  58.50  54.00  56.00  45.50  48.00  53.50  22.00   7.00   6.00   7.50   8.00   9.00   8.00   6.00   6.00   6.00
 13.8S / 31:  38.50  42.00  51.00  58.00  59.50  60.00  61.50  62.00  62.50  54.00  44.50  46.50  43.00  52.50  43.50  14.50   9.50   6.50   8.00  11.00  11.00  10.00   9.50   8.00
 16.2S / 30:  38.50  45.00  49.00  50.50  49.50  55.50  59.00  55.00  53.50  43.50  43.50  29.50  23.00  23.50  31.00  32.00  23.50  13.50   ....   7.50  12.00  14.00  14.00  14.50
 18.8S / 29:  34.50  34.50  40.00  43.50  48.50  53.50  55.00  56.50  52.50  45.00  36.00  33.50  26.00  27.50  23.50  24.50  33.50  22.00  11.00  11.00  10.50  14.50  18.00  15.50
 21.2S / 28:  31.00  34.50  39.50  42.00  45.00  48.50  50.00  54.50  55.00  40.50  40.50  37.00  34.00  29.50  29.00  28.00  29.50  28.00  14.00   ....  18.50  19.00  16.00  15.50
