             VARIABLE : Mean low cloud amount (%)
             FILENAME : ISCCPMonthly_avg.nc
             FILEPATH : /usr/local/fer_data/data/
             SUBSET   : 24 by 24 points (LONGITUDE-LATITUDE)
             TIME     : 16-SEP-1999 00:00
              113.8W 111.2W 108.8W 106.2W 103.8W 101.2W 98.8W  96.2W  93.8W  91.2W  88.8W  86.2W  83.8W  81.2W  78.8W  76.2W  73.8W  71.2W  68.8W  66.2W  63.8W  61.2W  58.8W  56.2W  
               27     28     29     30     31     32     33     34     35     36     37     38     39     40     41     42     43     44     45     46     47     48     49     50
 36.2N / 51:  21.00  13.50  13.50  11.50  18.00  29.00  25.00  25.00  20.00  18.00  17.00  16.00  14.50  14.50  10.00  13.50  26.00  33.00  33.00  31.50  32.00  28.50  24.50  24.50
 33.8N / 50:  19.00  19.00  14.00  17.50  20.50  29.00  22.50  22.50  19.00  16.50  17.50  16.50  13.00  13.00  14.00  26.00  28.50  29.00  28.00  28.00  26.50  29.50  22.00  23.50
 31.2N / 49:  19.00  19.00  15.00  15.00  18.50  21.50  19.50  17.50  17.50  14.50  15.50  16.50  16.00  21.50  24.50  24.50  28.50  28.00  29.50  25.00  24.00  24.00  24.00  20.50
 28.8N / 48:  21.50  19.50  19.50  11.00  16.00  17.00  15.00  16.00  20.00  25.00  25.00  30.50  25.00  17.00  22.50  25.00  28.50  27.50  27.50  26.50  22.50  22.00  21.00  21.50
 26.2N / 47:  15.50  22.00  12.00  12.00  11.00  13.50  17.50  18.50  23.50  24.50  27.00  23.00  23.00  14.00  19.50  30.50  29.50  22.00  23.00  21.00  22.00  21.00  21.00  20.50
 23.8N / 46:  27.00  23.00  19.50   7.50   7.50  12.00  14.50  14.50  18.00  22.50  24.00  20.50  18.00  18.00  22.50  25.00  25.00  20.00  18.50  17.00  19.00  25.50  21.00  20.00
 21.2N / 45:  44.00  31.50  32.00  15.00   5.00   7.50  10.50  23.50  28.50  16.50  16.50  15.00  20.00  19.50  16.50  18.50  21.00  20.00  20.00  20.00  23.00  27.00  20.50  18.50
 18.8N / 44:  35.50  35.50  28.00  25.00  12.50   6.00   6.50   6.50  17.50  13.50  10.50  24.50  28.00  25.00  19.50  21.50  16.50  18.00  20.50  20.50  26.50  27.50  27.50  23.50
 16.2N / 43:  28.50  24.50  20.50  21.00  16.50   9.50   5.50   5.50   3.50   5.00   5.00  14.00  19.00  24.00  23.00  21.50  23.50  22.50  25.50  25.00  29.00  30.50  30.00  25.00
 13.8N / 42:  29.00  24.50  22.50  21.00  18.00  13.50   9.50   9.00   8.50   4.50   4.50   7.00  14.00  23.00  23.00  27.00  27.00  24.50  27.50  29.50  30.00  29.50  31.50  27.00
 11.2N / 41:  24.50  25.00  23.00  19.50  18.00  13.00  11.50  10.00  11.50  14.00  14.00   8.50  17.50  22.50  23.50  19.50  12.50  18.50  22.50  27.00  27.00  27.00  27.00  27.00
 8.8N  / 40:  30.00  32.00  31.00  28.00  22.50  18.50  18.00  18.50  21.50  22.00  22.00  16.00   7.50   7.50  10.50   8.50   4.50   5.50   7.00  11.50  13.50  15.50  21.00  25.50
 6.2N  / 39:  48.50  50.50  55.50  54.00  45.50  39.00  38.00  39.00  35.00  34.00  31.50  19.00  12.50  12.00  10.00   2.00   3.50   6.00   9.50  10.00  10.00  12.00  14.50  18.00
 3.8N  / 38:  57.00  59.50  62.50  65.50  63.00  59.50  60.00  60.00  60.50  56.00  45.00  35.50  31.50  23.00  13.00   1.50   5.00   9.50  10.00   9.50  10.00  15.50  15.00  12.00
 1.2N  / 37:  36.00  36.00  43.00  46.50  51.50  54.00  63.00  63.00  64.00  54.00  46.50  41.50  36.50  29.00   5.50   3.50   7.00   8.00   8.00   7.50  11.00  14.50  15.00  14.00
 1.2S  / 36:  23.00  22.50  26.50  26.50  39.00  37.50  40.50  33.00  26.00  31.50  29.50  24.00  26.00  19.50   4.50   6.50   8.50   8.00   8.00   8.50  11.50  13.50  15.00  15.50
 3.8S  / 35:  23.50  26.00  26.00  30.00  38.50  43.50  46.00  49.50  48.00  53.00  46.50  34.50  15.00  12.00   5.50   8.50  10.00   9.50   9.50   9.50  11.00  13.50  14.50  15.50
 6.2S  / 34:  20.50  26.50  33.00  33.00  41.50  49.50  54.50  57.50  66.50  71.00  71.00  56.50  42.00  16.00   9.50   8.50  10.50   9.50  10.50  11.50  12.50  11.50  13.50  14.50
 8.8S  / 33:  32.00  39.00  45.00  48.00  56.00  64.50  67.00  68.50  71.00  76.00  76.00  73.50  62.00  50.00  25.50   9.00  10.50  10.50  11.50  11.50  12.50  12.50  12.00  12.00
 11.2S / 32:  45.00  48.50  53.50  58.50  63.50  65.50  65.00  65.50  66.00  66.00  65.00  61.50  60.00  54.00  21.00   7.50   9.50  10.00  12.00  13.00  13.50  13.00  13.00  12.50
 13.8S / 31:  50.00  51.50  54.50  58.00  64.50  67.00  65.50  62.00  59.50  61.50  60.50  55.00  56.50  55.50  46.50  14.00   9.50   8.00   9.50  12.00  13.50  13.50  16.00  17.00
 16.2S / 30:  54.00  55.50  54.00  56.00  59.50  61.50  60.00  64.00  60.00  57.00  57.00  51.50  39.50  44.00  42.50  44.00  26.50  11.00   7.00  10.00  13.50  16.00  14.00  17.00
 18.8S / 29:  52.50  52.50  53.50  54.00  57.00  55.00  56.00  62.00  65.00  64.50  55.50  50.00  42.50  42.50  38.50  39.50  44.00  16.50   9.50   9.50  10.50  18.50  20.50  18.50
 21.2S / 28:  47.00  49.50  53.00  54.00  56.50  51.50  54.00  60.50  58.00  58.00  58.00  56.00  54.50  49.50  41.50  35.50  44.00  43.00  12.50   ....  25.00  24.50  23.50  19.50
