             VARIABLE : Mean low cloud amount (%)
             FILENAME : ISCCPMonthly_avg.nc
             FILEPATH : /usr/local/fer_data/data/
             SUBSET   : 24 by 24 points (LONGITUDE-LATITUDE)
             TIME     : 16-NOV-1996 00:00
              113.8W 111.2W 108.8W 106.2W 103.8W 101.2W 98.8W  96.2W  93.8W  91.2W  88.8W  86.2W  83.8W  81.2W  78.8W  76.2W  73.8W  71.2W  68.8W  66.2W  63.8W  61.2W  58.8W  56.2W  
               27     28     29     30     31     32     33     34     35     36     37     38     39     40     41     42     43     44     45     46     47     48     49     50
 36.2N / 51:  13.50   7.50   7.50   5.50  10.00  14.50  15.50  15.50  17.00  17.00  14.00  14.00  14.50  14.50  20.00  26.50  45.50  40.00  40.00  47.50  47.00  42.50  38.50  38.50
 33.8N / 50:  15.00  15.00   9.00   7.00  14.00  19.00  23.50  23.50  21.50  23.00  22.50  16.50  20.50  20.50  26.50  41.00  51.00  48.50  44.50  44.50  47.00  41.50  37.50  36.00
 31.2N / 49:  13.00  13.00  11.50  11.00  16.50  23.50  26.50  22.50  22.50  21.00  24.00  25.00  28.00  39.50  51.00  51.00  44.50  43.00  44.50  46.00  43.00  41.50  41.50  38.50
 28.8N / 48:  18.00  13.50  13.50   8.00  15.00  21.50  28.00  26.00  28.50  28.50  28.50  36.50  26.50  29.00  49.00  47.00  39.50  40.00  40.00  38.00  43.00  41.00  35.50  37.50
 26.2N / 47:  20.50  17.50  10.50  10.50   9.00  12.50  26.00  25.00  31.00  35.00  43.00  42.50  42.50  21.00  32.50  41.00  40.00  34.50  37.50  36.50  37.50  33.50  33.50  32.00
 23.8N / 46:  33.00  20.00  14.50   7.50   7.50   5.50  14.50  25.50  34.00  35.00  36.00  38.50  32.00  24.00  20.50  30.50  30.50  30.00  30.50  32.50  33.50  33.00  31.50  28.50
 21.2N / 45:  42.00  31.50  26.00  16.00   5.00   5.50  18.00  30.50  36.00  22.50  22.50  25.00  29.00  28.00  19.00  23.50  27.50  27.00  29.00  26.50  30.50  28.50  28.00  26.00
 18.8N / 44:  31.00  31.00  25.50  23.50  15.00  11.50   9.00  13.50  26.50  22.00  18.00  25.50  29.50  26.50  21.00  20.00  15.00  18.50  21.50  21.50  27.50  27.50  27.00  30.50
 16.2N / 43:  27.00  22.00  20.00  17.50  16.50  12.00   8.50  17.00  14.50  14.50  14.50  16.00  19.50  26.50  24.00  25.00  27.50  28.50  36.00  34.50  29.50  32.50  30.50  27.50
 13.8N / 42:  21.00  23.50  23.00  18.00  17.00  16.00  20.00  26.50  25.00  15.50  14.00  14.00  14.50  23.00  25.50  30.50  33.50  36.50  38.00  38.00  36.50  37.50  32.00  31.50
 11.2N / 41:  21.00  24.00  21.00  19.00  21.00  22.50  20.00  17.00  18.50  23.00  23.00  15.00  18.00  21.00  22.50  21.50  15.00  17.00  23.00  28.50  29.00  32.00  32.00  32.00
 8.8N  / 40:  25.00  26.00  26.50  29.50  32.50  30.50  28.00  28.50  28.50  31.50  31.50  32.50  25.00  13.50  14.00  12.50   9.00   8.00  11.50  15.00  15.00  16.50  23.50  32.00
 6.2N  / 39:  49.00  50.50  51.50  54.00  52.00  50.50  48.00  45.50  48.50  47.00  47.00  47.50  42.00  37.00  28.50   6.50   6.50  11.00  15.00  13.00  10.50  10.50  12.00  18.50
 3.8N  / 38:  62.50  61.50  60.00  65.50  62.00  57.00  59.00  59.00  61.50  60.50  58.00  56.00  53.00  51.00  34.00   5.00   8.00  11.50  10.00   9.00   9.00  14.50  17.00  12.50
 1.2N  / 37:  54.00  52.00  53.00  52.50  46.00  40.00  39.50  43.00  47.50  46.00  52.50  58.00  60.50  50.50  14.50   8.00  10.50   9.00   8.00   7.00  11.50  13.50  14.50  16.00
 1.2S  / 36:  37.00  39.50  39.50  40.00  37.50  32.00  30.00  25.50  26.00  33.50  43.00  43.00  42.50  27.50  13.00  10.50   9.50   8.50   7.50   8.00   9.00  10.00  12.50  15.50
 3.8S  / 35:  28.00  30.50  34.00  34.50  42.00  46.00  45.00  45.50  46.00  52.00  49.00  48.00  31.50  16.50  13.00  11.00  10.50   9.00   7.50   6.50   6.50   7.50  10.50  10.50
 6.2S  / 34:  27.50  34.00  37.00  40.50  37.00  42.00  47.00  50.00  53.50  58.50  62.00  60.00  42.50  23.50  16.50   9.50  10.00   9.50   8.50   7.00   6.50   6.00   6.00   6.00
 8.8S  / 33:  29.50  35.50  42.00  41.00  44.50  51.00  54.00  58.00  58.00  59.50  59.50  66.00  64.00  51.00  26.50  10.00   8.00   8.50   8.50   7.50   6.00   5.50   5.50   4.00
 11.2S / 32:  41.50  40.50  44.50  49.00  54.00  55.00  53.50  54.00  55.00  54.00  57.50  67.50  67.50  59.50  27.00   8.50   7.00   9.00   8.50   8.00   6.00   5.00   5.00   5.50
 13.8S / 31:  45.00  53.50  57.00  57.00  53.50  57.00  55.00  55.00  53.50  57.00  55.50  60.50  64.50  72.50  59.50  14.00   9.00   6.00   9.00  12.50  11.00   9.00   8.00  10.00
 16.2S / 30:  46.00  51.50  56.50  55.50  57.50  55.50  59.50  59.50  58.00  59.50  59.50  53.00  52.50  56.00  66.00  55.00  26.50  12.50   9.50   9.00  11.50  12.00  11.50  11.50
 18.8S / 29:  42.50  42.50  47.50  51.50  51.50  55.50  61.00  61.00  61.50  56.50  57.00  56.00  54.50  59.00  60.50  53.50  55.00  21.00   ....   ....   9.00  12.50  13.00  12.50
 21.2S / 28:  38.00  42.00  49.00  54.00  53.00  55.50  61.00  61.00  58.50  63.50  63.50  61.00  63.50  62.50  60.50  47.50  52.50  41.00  13.00  10.50  15.00  18.00  14.50  14.00
