             VARIABLE : Mean middle cloud amount (%)
             FILENAME : ISCCPMonthly_avg.nc
             FILEPATH : /usr/local/fer_data/data/
             SUBSET   : 24 by 24 points (LONGITUDE-LATITUDE)
             TIME     : 16-OCT-1996 00:00
              113.8W 111.2W 108.8W 106.2W 103.8W 101.2W 98.8W  96.2W  93.8W  91.2W  88.8W  86.2W  83.8W  81.2W  78.8W  76.2W  73.8W  71.2W  68.8W  66.2W  63.8W  61.2W  58.8W  56.2W  
               27     28     29     30     31     32     33     34     35     36     37     38     39     40     41     42     43     44     45     46     47     48     49     50
 36.2N / 51:  20.00  21.00  21.00  20.50  21.50  21.00  13.00  13.00  13.00  15.00  14.00  16.50  22.00  22.00  18.00  14.50  11.50  14.50  14.50  17.50  18.00  16.50  13.50  13.50
 33.8N / 50:   8.50   8.50  17.00  19.00  20.00  16.50  10.50  10.50  11.50  11.50  13.50  15.50  14.50  14.50  12.00   7.50   9.50  15.50  18.50  18.50  15.50  12.50  13.00  12.50
 31.2N / 49:   6.50   6.50  13.50  16.50  17.50  12.00   9.00  10.50  10.50  11.00  12.50  12.00   8.00   7.00   7.50   7.50  11.00  15.00  14.50  12.50  11.00  10.50  10.50  12.50
 28.8N / 48:   3.00   7.00   7.00  13.50  14.00  10.50  10.50  10.50   8.00   7.00   7.00   6.00   5.00   7.50  11.00  14.50  15.00  15.00  15.00  14.00  13.50  13.50  14.00  14.00
 26.2N / 47:   3.50   5.00  12.00  12.00  14.50  11.50  13.00   9.50   7.00   6.00   6.00   5.50   5.50   9.00  13.50  16.00  14.50  10.50  10.00  10.50  12.50  12.50  12.50  12.00
 23.8N / 46:   4.00   5.00   9.50  13.50  13.50  16.50  20.00  11.00   7.50   6.00   6.50   8.00  12.50  16.00  15.50  13.00  13.00   8.50   7.50   9.00   9.50   9.50   9.00  10.50
 21.2N / 45:   6.50   6.00  10.50  12.50  16.00  19.00  23.50  16.00  10.00   9.50   9.50  12.00  15.50  16.00  14.50  13.50  12.00  10.00  10.50  10.00   8.50   8.00  11.00  12.50
 18.8N / 44:   9.00   9.00   9.50  12.00  13.00  17.50  22.50  24.50  23.50  18.50  17.00  17.00  15.00  13.50  13.50  14.50  13.00  16.00  12.00  12.00   9.50  11.00  12.50  12.00
 16.2N / 43:   9.50  11.00  10.00  13.00  12.50  13.50  17.50  21.50  22.00  27.50  27.50  23.50  18.50  12.50  13.00  14.50  14.00  12.50  12.50  11.50  12.50  17.00  17.00  17.00
 13.8N / 42:  17.00  19.50  15.50  15.00  15.50  15.50  14.50  16.50  19.00  22.00  24.50  24.00  20.50  16.00  15.50  16.00  13.50  13.50  14.00  14.50  15.50  17.50  16.50  18.00
 11.2N / 41:  22.50  24.50  21.00  20.00  19.50  15.50  18.00  20.00  19.50  21.50  21.50  23.50  26.00  20.00  20.50  16.00  20.50  18.50  20.50  16.50  18.00  17.50  17.50  14.50
 8.8N  / 40:  25.00  24.50  26.00  27.00  24.00  21.50  21.50  23.50  23.50  26.00  26.00  23.50  25.50  26.50  25.00  26.00  23.50  23.00  26.00  19.00  19.50  20.00  16.00  12.00
 6.2N  / 39:  19.00  21.00  19.00  19.50  18.00  17.50  19.00  22.00  20.00  24.00  24.00  22.50  23.00  23.00  20.50  22.50  29.50  34.00  22.50  22.00  25.00  23.50  20.50  13.00
 3.8N  / 38:  10.50  13.50  12.50  10.00  10.00   9.50   8.00   7.00   8.00  12.00  12.50  12.00  13.00  15.00  21.00  29.50  38.00  29.00  26.00  24.00  25.50  20.50  15.50  13.00
 1.2N  / 37:   6.00   6.50   6.50   7.00   7.00   3.50   3.00   3.00   2.50   4.00   4.00   4.50   5.00  12.00  25.50  34.00  26.50  25.50  24.50  22.50  25.50  21.50  18.00  16.00
 1.2S  / 36:   1.50   2.50   1.50   1.00   0.50   1.50   1.00   0.50   1.00   2.00   2.00   2.50   4.50  10.00  30.00  33.50  26.00  25.50  23.00  22.00  23.00  23.00  20.50  18.00
 3.8S  / 35:   0.50   1.00   0.50   0.00   0.00   0.00   0.00   0.00   0.00   0.00   1.00   2.00   5.50  13.00  33.00  31.50  28.50  26.50  28.00  26.00  26.00  27.00  24.50  20.50
 6.2S  / 34:   1.00   1.00   1.00   0.50   0.50   0.00   0.00   0.00   0.00   0.00   1.00   3.00   7.50  13.00  25.50  38.50  29.50  32.00  31.00  28.50  26.50  25.50  25.50  28.50
 8.8S  / 33:   1.00   0.50   0.00   0.50   0.00   1.00   1.00   0.50   1.00   3.00   3.00   7.00   9.00   9.00  14.50  37.00  31.00  28.00  29.00  29.00  28.00  27.00  28.00  28.50
 11.2S / 32:   1.50   1.50   1.50   2.50   3.00   3.00   3.00   3.00   3.50   7.50   9.00  17.50  18.50  12.00  12.00  35.00  30.00  24.00  23.00  22.00  24.00  26.00  26.00  27.50
 13.8S / 31:   3.00   3.50   4.50   4.50   6.00   6.00   8.00   8.00  10.50  13.00  18.50  27.00  39.50  39.50  21.50  13.50  33.00  28.50  24.00  19.00  17.50  24.00  28.00  26.00
 16.2S / 30:   3.50   4.00   4.50   4.50   6.50   6.00  10.00  14.50  22.50  30.50  30.50  33.00  38.00  47.50  51.50  40.00  20.00  19.00  25.50  29.50  20.50  15.00  20.50  22.50
 18.8S / 29:   2.50   2.50   2.00   3.50   4.50   6.00  11.50  14.00  27.00  32.00  42.00  46.50  49.00  59.50  56.00  55.50  50.50  22.00  22.00  22.00  19.50  23.00  15.00  15.50
 21.2S / 28:  10.50   8.00   4.00   3.00   6.00   7.50  12.00  21.50  28.50  34.00  34.00  36.50  42.00  41.50  45.50  59.00  63.50  48.00  16.50  20.00  27.50  21.50  18.00  17.50
