             VARIABLE : Mean high cloud amount (%)
             FILENAME : ISCCPMonthly_avg.nc
             FILEPATH : /usr/local/fer_data/data/
             SUBSET   : 24 by 24 points (LONGITUDE-LATITUDE)
             TIME     : 16-FEB-1997 00:00
              113.8W 111.2W 108.8W 106.2W 103.8W 101.2W 98.8W  96.2W  93.8W  91.2W  88.8W  86.2W  83.8W  81.2W  78.8W  76.2W  73.8W  71.2W  68.8W  66.2W  63.8W  61.2W  58.8W  56.2W  
               27     28     29     30     31     32     33     34     35     36     37     38     39     40     41     42     43     44     45     46     47     48     49     50
 36.2N / 51:  11.50  11.50  11.50  14.50  15.50  18.00  23.00  23.00  26.00  26.00  22.50  22.50  23.50  23.50  23.00  20.50  20.00  23.00  23.00  22.00  21.00  21.00  22.00  22.00
 33.8N / 50:   7.00   7.00  11.50  14.00  19.00  20.00  24.50  24.50  24.50  23.00  22.00  25.00  23.50  23.50  21.00  18.00  21.50  21.50  17.00  17.00  13.50  13.00  12.50  11.50
 31.2N / 49:   6.00   6.00   9.00  15.00  20.00  22.00  25.50  22.50  22.50  19.00  19.50  20.50  16.50  13.00  15.50  15.50  16.50  11.00   8.00   7.00   8.50   8.00   8.00   7.00
 28.8N / 48:   6.50   9.00   9.00  13.00  18.50  19.00  19.50  14.50  10.50  11.00  11.00  10.00   8.50   8.00   9.00   7.50   4.50   2.50   2.50   3.50   3.50   2.50   1.00   1.50
 26.2N / 47:   6.00  10.00  11.00  11.00  15.00  15.50  12.00   8.00   7.00   5.50   4.00   5.50   5.50   6.50   4.50   3.00   1.50   1.00   3.00   2.50   1.00   1.50   1.50   1.00
 23.8N / 46:   7.00   7.00   6.00   8.50   8.50   9.00   5.00   3.00   4.00   4.00   4.50   6.50   4.50   2.00   0.50   0.00   0.00   0.00   2.00   2.00   1.00   2.50   2.00   0.50
 21.2N / 45:   6.00   3.00   3.50   4.00   3.50   2.00   1.00   1.50   3.00   3.00   3.00   4.50   2.50   0.50   0.50   1.00   0.50   1.00   1.50   1.50   3.00   2.00   1.00   0.00
 18.8N / 44:   3.00   3.00   2.50   2.50   2.00   1.50   1.00   2.00   2.50   1.50   2.50   1.50   1.00   1.00   1.00   1.00   1.00   2.00   1.00   1.00   1.50   1.50   2.00   1.00
 16.2N / 43:   3.50   3.50   2.00   1.00   1.00   1.00   1.50   1.50   1.50   2.00   2.00   1.00   0.50   1.50   1.00   1.00   1.50   2.00   2.00   2.00   2.50   2.00   1.50   2.00
 13.8N / 42:   6.50   7.50   4.00   2.50   1.50   1.00   2.00   2.00   2.00   1.00   0.50   0.50   2.00   3.00   3.00   3.50   3.00   2.50   2.50   2.50   3.50   4.50   4.00   3.50
 11.2N / 41:   6.50   5.00   6.00   4.00   2.00   2.00   2.50   2.00   1.50   0.50   0.50   1.50   6.00   5.50   5.00   4.00   7.50   7.50   4.50   5.00   7.50   8.00   8.00   7.50
 8.8N  / 40:  12.00   9.00   8.00   7.00   4.00   3.50   3.50   2.00   1.50   2.00   2.00   2.50   6.00  13.50  11.50  15.00  20.50  18.00  13.50   6.50   8.50  11.50  13.50  12.50
 6.2N  / 39:  14.00  15.00  13.50  10.00   7.00   5.50   7.00   7.00   6.50   7.50   9.00  13.00  15.00  18.50  18.50  36.50  33.50  19.00  14.00  15.00  18.50  22.50  19.50  15.00
 3.8N  / 38:   5.00   4.50   4.50   7.00   7.50   9.00  11.00  12.50  13.00  12.00  11.50  12.50  17.50  17.50  19.50  27.50  19.50  18.50  26.00  29.50  28.00  21.50  15.50  17.50
 1.2N  / 37:   0.50   1.50   2.50   3.50   5.00   3.50   3.50   7.50   6.00   2.50   2.00   2.50   5.00  12.50  20.00  24.50  21.00  30.00  40.00  40.50  27.50  22.50  23.00  23.50
 1.2S  / 36:   0.50   1.00   1.00   0.50   0.50   0.00   0.00   1.50   0.50   0.00   0.50   0.00   1.00   4.00  13.50  24.50  32.00  41.00  47.50  45.00  37.50  38.50  35.00  30.00
 3.8S  / 35:   0.00   0.00   0.00   0.00   0.50   0.50   0.50   0.50   1.50   1.00   1.00   0.50   0.50   1.50  12.00  28.00  36.00  42.50  48.00  47.00  44.50  44.00  38.50  31.00
 6.2S  / 34:   0.00   0.00   0.00   0.00   0.00   0.00   0.50   0.50   1.00   2.50   3.00   1.50   1.00   1.50   9.00  22.50  34.50  45.50  48.00  43.50  46.00  47.00  43.50  41.50
 8.8S  / 33:   0.00   0.00   0.00   0.00   0.00   0.00   0.00   0.00   1.00   0.50   0.50   0.50   0.00   0.00   3.00  21.50  37.00  40.50  46.00  45.50  47.00  46.00  43.00  41.00
 11.2S / 32:   0.00   0.00   0.00   0.00   0.00   0.00   0.00   0.00   0.00   0.50   0.50   0.00   0.50   1.00  12.50  38.00  41.00  45.50  48.00  44.50  44.50  41.00  41.00  38.50
 13.8S / 31:   0.50   0.50   0.00   0.00   0.00   0.00   0.50   0.00   0.00   0.50   0.50   0.00   0.00   0.50   2.00  19.50  41.50  52.00  45.50  36.50  39.50  42.50  38.50  38.00
 16.2S / 30:   1.00   1.00   1.00   0.50   0.50   0.50   0.00   0.50   0.00   0.00   0.00   0.00   0.00   0.00   0.50   4.00  15.50  32.50  44.50  35.50  28.00  30.00  34.50  38.50
 18.8S / 29:   1.00   1.00   0.50   0.50   0.50   0.50   0.00   0.00   0.00   0.50   0.50   0.50   0.00   0.50   1.00   3.00   6.00  21.50  42.50  42.50  38.50  20.50  23.50  31.50
 21.2S / 28:   1.50   0.50   0.50   0.50   0.50   0.00   0.00   0.00   0.00   0.00   0.00   0.00   0.50   0.00   1.50   1.00   2.00   4.50  25.00  42.00  29.00  21.50  27.50  34.50
