             VARIABLE : Mean low cloud amount (%)
             FILENAME : ISCCPMonthly_avg.nc
             FILEPATH : /usr/local/fer_data/data/
             SUBSET   : 24 by 24 points (LONGITUDE-LATITUDE)
             TIME     : 16-JAN-1996 00:00
              113.8W 111.2W 108.8W 106.2W 103.8W 101.2W 98.8W  96.2W  93.8W  91.2W  88.8W  86.2W  83.8W  81.2W  78.8W  76.2W  73.8W  71.2W  68.8W  66.2W  63.8W  61.2W  58.8W  56.2W  
               27     28     29     30     31     32     33     34     35     36     37     38     39     40     41     42     43     44     45     46     47     48     49     50
 36.2N / 51:  11.50   6.50   6.50   5.50   9.00  15.50  15.00  15.00  17.50  14.50  14.50  13.50  10.50  10.50  13.50  26.50  46.50  45.50  45.50  42.50  45.50  45.50  44.50  44.50
 33.8N / 50:  16.00  16.00  10.00   9.00  11.00  16.00  21.00  21.00  21.50  23.00  19.00  16.00  18.50  18.50  25.00  41.50  44.50  42.00  43.50  43.50  42.50  42.00  40.00  42.50
 31.2N / 49:  17.50  17.50   8.00   8.00  11.50  16.00  21.00  25.50  25.50  24.50  22.00  17.50  18.50  39.50  44.50  44.50  46.00  45.50  44.50  44.00  42.50  45.50  45.50  42.50
 28.8N / 48:  18.50   9.50   9.50   4.50   8.00  14.50  25.00  31.00  34.00  32.50  32.50  30.50  27.00  22.50  43.50  44.00  43.50  41.00  41.00  44.00  44.00  40.00  42.50  41.50
 26.2N / 47:  15.50  14.00   8.50   8.50   5.00   7.00  20.50  35.00  40.50  35.00  38.50  40.50  40.50  22.50  35.00  43.50  42.00  41.50  38.00  40.00  34.50  38.00  38.00  37.00
 23.8N / 46:  20.50  16.50  11.50   7.50   7.50   3.50  11.00  31.50  38.00  34.00  31.00  40.50  30.00  28.50  28.00  37.00  37.00  37.50  35.50  31.50  32.50  30.50  35.00  39.00
 21.2N / 45:  31.50  21.00  15.00  10.50   4.50   4.50  15.00  32.00  31.50  23.00  23.00  25.50  29.50  26.50  21.00  26.50  31.00  31.50  32.00  29.50  27.00  34.00  33.50  31.00
 18.8N / 44:  24.00  24.00  16.50  13.00  10.00   8.50   5.50  12.00  25.50  19.50  21.50  28.50  28.50  28.00  23.50  20.00  23.50  23.50  26.00  26.00  27.00  27.00  31.50  34.00
 16.2N / 43:  20.50  16.50  14.50  12.50   8.50   8.50   6.50  14.50  15.00  18.50  18.50  29.00  28.00  30.00  28.00  23.50  19.00  19.00  25.00  23.00  21.00  28.50  28.50  29.50
 13.8N / 42:  23.00  20.00  17.50  17.00  12.00   6.00   5.50  16.50  13.00  12.00  14.50  22.00  25.50  33.00  28.00  20.50  19.50  20.50  20.00  18.50  17.50  25.00  24.00  23.50
 11.2N / 41:  27.50  20.00  14.50  11.50   6.50   4.50   5.50   8.00  13.50  15.00  10.00  18.50  31.00  30.50  23.50  14.00  15.00  19.50  16.00  15.00  17.00  20.50  20.50  25.00
 8.8N  / 40:  27.50  21.50  19.00  15.50  12.50  16.50  16.50  18.00  18.50  19.50  19.50  18.00  23.00  21.50  20.00  15.00  15.50  21.00  19.50  21.00  21.00  21.00  22.00  27.50
 6.2N  / 39:  37.00  38.00  33.50  32.50  29.50  29.00  30.50  30.50  30.50  33.00  33.50  32.50  29.00  29.00  28.50   8.50  12.50  15.50  15.50  21.00  22.50  20.00  19.50  21.50
 3.8N  / 38:  49.50  46.50  47.50  49.00  49.00  48.50  50.00  49.50  48.50  47.00  41.00  34.50  35.00  32.50  23.00   5.50  14.00  17.50  17.00  16.00  15.50  17.50  16.50  12.50
 1.2N  / 37:  38.00  42.00  44.00  47.50  51.00  51.50  47.00  48.50  45.50  45.50  42.00  40.00  36.50  27.50   7.50   7.00  15.00  12.50  10.50  11.50  14.00  12.00  10.00   9.50
 1.2S  / 36:  24.00  27.00  29.00  29.50  33.50  37.00  33.00  26.50  28.00  37.00  36.00  32.50  27.00  19.00   4.50   6.00  10.50   8.50   6.50   8.00  10.00   7.00   7.00   8.00
 3.8S  / 35:  19.50  22.50  24.00  30.00  26.00  28.50  27.50  27.50  27.50  31.00  32.50  27.50  23.00  19.50   4.00   4.00   6.50   7.00   7.50   6.50   6.50   5.50   6.50   7.50
 6.2S  / 34:  19.00  19.50  22.50  26.50  26.00  21.50  21.50  26.00  28.00  32.50  31.50  32.00  29.50  20.50   9.00   4.00   6.00   5.00   5.00   5.50   5.50   4.00   5.50   7.00
 8.8S  / 33:  22.50  22.50  27.00  30.00  31.00  29.50  26.50  24.50  26.00  28.50  28.50  27.50  32.50  30.00  19.50   1.50   4.00   3.50   5.00   4.50   4.50   4.00   5.00   6.00
 11.2S / 32:  27.00  25.50  28.50  30.00  33.00  35.50  36.50  35.00  34.00  30.50  34.50  35.00  35.50  33.00  13.00   2.50   2.00   3.50   5.50   5.00   4.00   4.50   4.50   5.50
 13.8S / 31:  37.00  36.50  36.00  34.00  34.50  40.00  41.00  41.00  42.00  41.50  36.00  43.50  46.50  42.50  31.00   9.50   5.50   7.00   4.00   8.00   7.50   4.00   5.50   7.00
 16.2S / 30:  33.50  35.50  37.00  39.00  38.50  38.50  41.00  44.50  50.50  53.00  53.00  48.50  50.50  49.00  45.50  37.00  21.00   9.50   3.00   7.00   7.50   7.00   6.00   6.50
 18.8S / 29:  30.50  30.50  32.00  34.00  37.50  39.00  40.50  41.50  44.00  46.00  49.00  52.00  49.50  42.50  50.00  50.00  41.50  15.50   ....   ....   5.50  10.00  10.50  10.00
 21.2S / 28:  26.00  26.00  29.00  35.00  40.50  40.50  38.00  36.00  38.00  40.50  40.50  44.00  51.00  48.00  53.00  43.50  45.00  31.50  11.50   8.00  13.00  15.50  12.00   9.00
