             VARIABLE : Mean high cloud amount (%)
             FILENAME : ISCCPMonthly_avg.nc
             FILEPATH : /usr/local/fer_data/data/
             SUBSET   : 24 by 24 points (LONGITUDE-LATITUDE)
             TIME     : 16-MAR-1995 00:00
              113.8W 111.2W 108.8W 106.2W 103.8W 101.2W 98.8W  96.2W  93.8W  91.2W  88.8W  86.2W  83.8W  81.2W  78.8W  76.2W  73.8W  71.2W  68.8W  66.2W  63.8W  61.2W  58.8W  56.2W  
               27     28     29     30     31     32     33     34     35     36     37     38     39     40     41     42     43     44     45     46     47     48     49     50
 36.2N / 51:  17.00  13.50  13.50  13.00  15.50  16.50  17.00  17.00  16.50  14.00  13.50  13.00  11.50  11.50  11.00  10.00  12.50  12.50  12.50  10.50   9.00   8.50  10.00  10.00
 33.8N / 50:  11.00  11.00  10.00  11.00  12.50  13.00  14.00  14.00  16.50  18.50  19.50  18.00  15.50  15.50  14.00  14.50  14.00  11.50  10.50  10.50   8.50   8.50   9.50  14.50
 31.2N / 49:   7.50   7.50   8.00  11.50  12.00  14.00  15.00  16.00  16.00  19.50  21.50  22.00  18.00  16.50  16.00  16.00  12.00  10.00   8.50   8.00   7.00   7.00   7.00  10.00
 28.8N / 48:   9.00  10.00  10.00  13.00  15.50  18.00  17.50  16.50  17.00  17.50  17.50  17.00  14.00  11.00  11.50  11.00   9.00   7.00   7.00   7.50   6.00   5.00   7.00  14.50
 26.2N / 47:  10.00  11.00  11.50  11.50  18.00  17.50  13.50  12.50  11.00  10.00   9.00  10.00  10.00   8.50   5.50   5.50   5.00   4.50   4.00   3.50   3.00   4.50   4.50   7.50
 23.8N / 46:  10.50  10.50  11.00  14.50  14.50  14.50  10.50   8.00   6.50   5.00   5.50   5.00   3.50   3.50   3.00   2.50   2.50   3.00   3.50   3.00   2.50   3.00   3.50   6.50
 21.2N / 45:   9.50  10.00  10.50   8.00   9.50   7.50   7.00   5.50   3.50   3.00   3.00   3.00   2.00   1.00   1.50   3.00   2.50   2.50   2.50   2.50   2.50   2.50   3.00   4.50
 18.8N / 44:  10.00  10.00   7.50   5.00   4.00   2.00   4.00   4.50   2.00   1.50   1.50   1.00   1.00   2.50   2.50   2.00   2.50   2.50   2.00   2.00   1.50   1.50   2.00   2.50
 16.2N / 43:  11.00   6.00   3.50   1.00   0.50   0.50   0.50   2.00   1.50   1.00   1.00   1.50   1.50   1.50   1.00   0.50   1.00   1.00   1.00   1.00   2.00   2.50   3.50   2.50
 13.8N / 42:  11.50   7.50   4.00   2.00   1.50   0.50   0.50   0.50   0.00   1.00   1.50   2.00   0.50   0.00   0.50   1.00   1.50   1.50   2.50   4.50   4.00   4.50   3.00   2.50
 11.2N / 41:   9.50   9.50   5.50   3.50   3.00   0.50   1.00   0.50   0.50   2.00   2.00   2.50   2.00   1.50   2.00   4.00   9.50  11.00   9.50   7.00   4.00   3.00   3.00   2.50
 8.8N  / 40:  10.50  10.50   6.00   2.50   2.00   2.00   1.50   1.50   3.50   5.00   5.00   4.50   9.50   9.00   3.00   6.50  13.00  17.00  12.00   9.50   8.50   6.50   4.50   2.00
 6.2N  / 39:  19.00  20.00  19.50  14.00   9.50   8.50   9.00   8.50  11.00  16.50  17.50  17.00  16.50   8.50  11.00  24.50  27.00  18.00  15.50  16.50  13.50  13.50   7.50   6.50
 3.8N  / 38:  12.50  13.00  11.50  10.00   7.50   9.00   9.50  10.00  11.00  12.00  12.00   7.50   6.00   7.50  16.00  32.00  28.00  25.00  25.50  27.00  20.50  14.50  10.50  18.50
 1.2N  / 37:   1.50   2.50   2.00   1.00   1.00   2.50   2.50   5.50   3.00   2.50   2.00   0.50   2.00   9.00  28.00  40.50  38.00  37.50  37.50  33.00  22.00  20.00  24.00  25.00
 1.2S  / 36:   1.00   0.50   1.50   1.00   0.50   1.00   1.50   3.00   3.50   1.50   0.50   1.00   3.50  11.50  33.00  41.00  44.50  47.50  44.00  34.50  31.50  32.50  32.00  30.50
 3.8S  / 35:   3.00   3.50   3.00   3.00   2.50   4.00   4.50   5.00   6.50   3.50   1.50   1.00   3.00  11.50  35.50  44.00  49.00  49.00  48.00  42.00  41.00  41.00  37.50  35.00
 6.2S  / 34:   3.50   4.00   2.00   1.00   1.50   1.50   1.00   0.50   1.00   0.50   1.00   1.00   2.50   5.50  24.00  41.50  44.50  46.50  49.00  45.00  42.50  41.50  39.00  39.50
 8.8S  / 33:   3.00   2.50   1.50   0.50   0.00   0.00   0.00   0.00   0.00   0.00   0.00   0.00   1.50   3.00   8.50  38.00  44.00  44.50  43.00  41.50  38.00  36.00  36.00  39.00
 11.2S / 32:   2.50   2.50   2.00   1.50   0.00   0.00   0.00   0.00   0.00   0.00   0.00   0.50   1.50   1.50  16.00  40.50  43.50  36.50  32.50  35.50  35.00  34.00  34.00  34.50
 13.8S / 31:   2.00   1.50   3.00   2.50   0.50   0.00   0.00   0.00   1.00   1.50   0.50   0.00   0.50   1.50   3.00  22.50  37.00  44.00  34.50  33.00  37.00  40.00  36.50  33.00
 16.2S / 30:   1.00   1.00   2.00   1.50   1.00   0.50   0.00   0.00   0.50   2.50   2.50   1.50   0.00   1.00   1.00   3.00  13.50  30.00  30.50  30.00  25.00  26.00  29.00  25.00
 18.8S / 29:   1.00   1.00   1.50   1.50   1.50   0.50   0.50   0.00   0.00   0.00   2.00   2.00   0.00   0.50   1.00   3.00   6.00  12.50  19.00  19.00  21.50  15.00  17.50  16.50
 21.2S / 28:   2.00   2.00   0.50   0.50   0.00   0.00   0.00   0.00   0.00   0.00   0.00   2.00   2.00   0.00   0.50   2.00   4.50   5.50   9.00  16.50  17.00  16.00  16.50  17.00
