             VARIABLE : Mean low cloud amount (%)
             FILENAME : ISCCPMonthly_avg.nc
             FILEPATH : /usr/local/fer_data/data/
             SUBSET   : 24 by 24 points (LONGITUDE-LATITUDE)
             TIME     : 16-AUG-1999 00:00
              113.8W 111.2W 108.8W 106.2W 103.8W 101.2W 98.8W  96.2W  93.8W  91.2W  88.8W  86.2W  83.8W  81.2W  78.8W  76.2W  73.8W  71.2W  68.8W  66.2W  63.8W  61.2W  58.8W  56.2W  
               27     28     29     30     31     32     33     34     35     36     37     38     39     40     41     42     43     44     45     46     47     48     49     50
 36.2N / 51:  24.00  14.50  14.50  10.00  14.00  16.00  16.50  16.50  14.50  11.50  15.00  14.50  16.00  16.00  15.50  16.50  26.50  24.50  24.50  25.00  23.50  22.00  22.50  22.50
 33.8N / 50:  26.50  26.50  17.50  16.50  14.50  16.00  15.50  15.50  13.00  10.00  13.00  14.50  16.00  16.00  15.50  21.00  29.00  28.50  22.50  22.50  23.00  21.00  23.00  22.00
 31.2N / 49:  26.00  26.00  15.00  14.50  18.00  17.00  15.50  15.00  15.00  15.00  14.50  14.50  14.00  21.50  27.50  27.50  26.00  25.00  25.50  21.50  21.50  26.00  26.00  23.00
 28.8N / 48:  25.00  19.00  19.00  10.50  16.00  14.00  17.50  19.50  23.50  22.00  22.00  29.00  22.00  16.00  26.00  24.00  25.00  26.50  26.50  22.50  21.00  24.00  21.50  26.50
 26.2N / 47:  16.00  25.00   9.00   9.00  13.00  14.00  16.00  23.50  26.50  26.50  29.50  28.50  28.50  17.50  20.50  25.00  22.50  23.50  22.00  22.00  21.00  22.00  22.00  20.00
 23.8N / 46:  22.00  24.00  18.00   6.50   6.50  15.00  15.50  19.00  22.00  25.50  30.50  27.50  23.00  21.00  19.50  21.50  21.50  18.50  16.50  18.00  18.50  19.50  17.00  18.50
 21.2N / 45:  33.50  30.50  31.50  15.00   7.00  11.00  11.00  24.50  24.00  17.00  17.00  19.00  26.50  26.00  18.00  16.00  21.50  18.50  18.50  15.50  14.00  15.50  21.00  22.00
 18.8N / 44:  32.00  32.00  27.50  24.50  16.00   9.00   8.00   9.50  19.50  15.00  14.00  28.50  29.00  30.00  23.00  22.50  17.50  16.00  18.50  18.50  20.00  18.50  19.50  20.50
 16.2N / 43:  28.50  26.00  25.00  24.00  23.50  18.00   9.00  10.50   7.00  10.00  10.00  19.50  19.50  28.50  29.00  28.50  24.50  23.00  24.50  25.50  24.00  22.00  22.50  22.00
 13.8N / 42:  26.00  23.50  22.00  20.00  18.50  17.50  20.00  26.50  23.00  13.00  10.00  11.00  14.50  25.00  27.00  27.00  23.00  19.00  23.00  28.00  28.50  28.50  24.50  25.00
 11.2N / 41:  22.00  20.00  21.50  17.00  15.00  15.00  19.50  22.00  23.50  24.00  22.00  12.00  17.50  24.00  26.00  21.00  16.00  20.00  19.00  26.00  24.00  26.00  26.00  28.50
 8.8N  / 40:  29.00  28.00  24.50  19.00  19.50  16.50  20.00  21.50  24.00  25.00  25.00  24.50  13.50   9.00  10.50  10.00   7.50   7.50   9.50  12.00  12.00  13.00  20.50  26.50
 6.2N  / 39:  44.50  41.50  42.00  41.50  38.00  37.50  38.50  39.00  34.00  35.50  30.00  22.00  17.50  17.00  13.50   3.00   6.00   7.00  10.00   9.50   8.00   8.50  10.50  17.50
 3.8N  / 38:  48.00  50.00  55.00  58.00  58.00  59.50  60.00  62.00  56.50  56.00  48.50  40.00  38.00  33.50  19.00   7.00   7.50   8.50   8.50   7.50   7.00  11.50  12.00  11.50
 1.2N  / 37:  38.50  42.50  42.50  46.00  50.00  56.00  64.00  64.00  59.50  51.00  52.50  41.50  46.00  38.00  12.00   7.50   9.00   9.00  11.00   9.50  10.00  11.00  12.50  14.50
 1.2S  / 36:  28.50  29.50  31.50  35.50  34.00  36.00  40.50  40.50  27.00  31.00  31.00  20.50  12.00  13.00   7.50   9.00  12.00  10.50  10.50  12.00  13.00  13.00  16.00  15.00
 3.8S  / 35:  34.00  32.50  38.50  46.50  45.50  49.00  50.50  52.50  54.50  57.50  44.50  29.50  17.00  10.50   9.50  11.50  12.50  13.00  12.00  11.50  13.50  15.00  15.00  13.00
 6.2S  / 34:  33.00  38.00  47.00  52.00  55.00  62.50  67.00  71.00  74.00  74.50  72.00  66.00  47.00  22.50  13.00  12.50  12.00  11.50  11.50  10.50  11.00  12.50  11.50  10.50
 8.8S  / 33:  37.00  44.00  53.50  60.00  64.00  71.00  76.50  77.00  77.00  77.50  77.50  80.00  71.00  67.00  34.50  12.00  12.00  10.50  12.00  12.50  11.50  10.00   9.00  10.50
 11.2S / 32:  40.00  48.00  56.50  61.00  63.00  67.00  68.50  70.50  70.00  72.00  74.50  73.50  70.50  60.50  23.00  10.50  11.00  11.50  13.00  14.00  13.50  12.50  12.50  13.00
 13.8S / 31:  42.50  49.50  56.00  60.00  60.50  64.50  67.00  68.00  68.00  66.00  65.00  64.50  65.50  55.50  55.50  12.00   9.00   9.50  13.50  16.00  16.00  17.50  21.50  21.00
 16.2S / 30:  44.50  48.50  50.00  51.50  53.50  59.00  60.00  61.00  59.00  54.00  54.00  47.50  45.50  43.00  34.50  34.50  16.50   7.50   9.50  11.00  16.00  19.50  20.00  22.00
 18.8S / 29:  47.00  47.00  48.50  46.50  44.00  47.50  52.00  56.00  56.00  53.50  48.50  42.50  37.50  35.00  35.50  26.50  19.50  11.50   6.00   6.00   8.00  21.00  28.00  24.00
 21.2S / 28:  43.50  45.00  47.50  50.00  45.00  45.50  54.00  56.50  52.50  50.00  50.00  47.00  43.00  40.50  37.00  36.00  28.50  14.50  11.00   ....  23.50  31.00  24.50  18.00
