             VARIABLE : Mean low cloud amount (%)
             FILENAME : ISCCPMonthly_avg.nc
             FILEPATH : /usr/local/fer_data/data/
             SUBSET   : 24 by 24 points (LONGITUDE-LATITUDE)
             TIME     : 16-SEP-1998 00:00
              113.8W 111.2W 108.8W 106.2W 103.8W 101.2W 98.8W  96.2W  93.8W  91.2W  88.8W  86.2W  83.8W  81.2W  78.8W  76.2W  73.8W  71.2W  68.8W  66.2W  63.8W  61.2W  58.8W  56.2W  
               27     28     29     30     31     32     33     34     35     36     37     38     39     40     41     42     43     44     45     46     47     48     49     50
 36.2N / 51:  17.50  11.00  11.00  12.50  15.50  19.50  24.50  24.50  17.00  10.50  11.50  16.50  17.00  17.00  17.50  19.50  31.50  29.50  29.50  29.00  29.50  29.50  31.00  31.00
 33.8N / 50:  16.50  16.50  13.00  13.50  14.50  19.00  22.00  22.00  11.00   9.50  11.50  11.50  10.50  10.50  11.50  19.00  23.00  25.00  25.00  25.00  27.50  26.00  26.00  26.00
 31.2N / 49:  16.50  16.50  13.00  13.00  15.50  16.50  15.50  12.00  12.00  10.00  11.50  10.50   9.00  16.50  22.00  22.00  23.50  24.00  25.50  24.50  26.00  26.00  26.00  26.00
 28.8N / 48:  15.50  11.50  11.50  11.50  15.50  16.00  14.50  16.00  26.50  20.50  20.50  18.00  14.50   8.50  20.00  25.50  30.50  33.00  33.00  27.00  26.00  24.00  25.50  28.00
 26.2N / 47:  14.00  13.50   8.00   8.00  12.00  14.00  15.50  25.00  29.00  23.00  17.50  18.00  18.00  11.00  17.00  28.00  32.00  31.00  26.50  23.50  26.00  24.50  24.50  25.00
 23.8N / 46:  34.50  18.00  15.50   6.50   6.50   8.00   9.00  15.50  23.00  26.00  23.00  26.00  17.50  16.50  19.00  25.50  25.50  21.50  20.00  20.00  25.50  25.50  25.00  24.00
 21.2N / 45:  38.50  30.00  29.50  16.00   4.00   5.50   5.00  15.50  24.00  13.50  13.50  18.50  24.50  19.00  14.00  12.50  16.50  19.50  21.50  24.00  22.50  23.00  22.50  23.50
 18.8N / 44:  26.00  26.00  22.50  17.50   8.50   2.50   1.50   2.00  12.00  11.50  10.50  31.50  34.00  24.50  15.50  14.00  11.50  12.50  20.50  20.50  25.50  18.50  20.50  20.50
 16.2N / 43:  26.50  25.00  23.00  23.00  18.50  12.50   4.50   6.00   3.00   6.00   6.00  20.00  22.50  25.50  24.50  24.00  23.50  22.50  21.00  21.00  20.00  21.00  21.50  22.50
 13.8N / 42:  29.50  27.50  28.00  23.00  20.00  18.00  16.50  16.50  13.50   8.50   7.00   9.50  16.00  27.00  27.50  29.50  30.00  27.50  27.00  23.50  24.00  25.00  24.50  26.00
 11.2N / 41:  22.00  23.50  20.00  17.00  15.50  15.50  14.50  16.00  14.50  16.00  16.00   9.00  17.50  24.00  23.00  19.00  13.50  20.50  23.50  27.00  24.50  24.50  24.50  27.50
 8.8N  / 40:  25.00  21.50  20.50  18.00  17.00  17.50  18.00  15.50  13.50  12.00  12.00  13.50   9.50   8.50  10.50   9.50   6.50   7.00  11.00  12.50  12.50  13.50  17.00  23.00
 6.2N  / 39:  38.00  37.50  39.00  36.00  31.00  29.00  27.50  24.00  19.00  18.00  17.50  18.00  18.00  16.00  14.50   2.50   4.50   6.50  12.50  10.50  10.00  10.50  11.00  14.00
 3.8N  / 38:  48.00  45.50  46.00  46.00  47.00  46.00  45.00  44.00  42.00  40.00  39.00  45.50  36.00  26.50  14.50   3.00   7.00  10.00  12.50  11.50  10.50  13.00  13.50  10.00
 1.2N  / 37:  34.00  39.00  36.00  38.50  38.50  39.50  42.00  41.00  38.00  36.00  44.00  54.50  48.00  34.50   6.50   6.50   9.50  11.50  12.00  11.00  11.50  12.50  12.50  12.00
 1.2S  / 36:  21.50  23.50  23.00  21.50  26.50  28.50  29.50  28.00  27.50  29.50  31.50  31.00  32.00  19.50   6.50   8.50  11.00  14.00  11.50  13.00  12.50  12.50  13.50  13.00
 3.8S  / 35:  26.50  28.00  32.50  30.00  31.50  36.00  35.00  34.50  35.00  42.50  49.00  39.00  18.50  14.50   8.50  12.50  14.50  15.00  14.00  14.00  14.00  13.00  14.50  13.00
 6.2S  / 34:  25.50  30.50  36.00  42.00  40.00  42.00  49.00  49.50  49.50  58.50  64.00  63.00  50.00  20.50  12.00  10.50  13.50  13.50  13.00  14.50  13.00  13.00  11.50  11.00
 8.8S  / 33:  33.00  36.50  43.50  47.50  50.00  53.00  55.00  58.00  56.50  60.00  60.00  66.50  61.50  52.50  28.00  11.50  11.00  13.00  14.00  14.50  14.50  13.00  12.00  11.00
 11.2S / 32:  36.00  40.50  44.00  47.00  49.00  57.50  59.00  60.00  61.00  59.00  59.00  52.50  52.00  46.50  19.50   9.50  10.50  13.00  14.50  14.00  12.50  13.00  13.00  14.50
 13.8S / 31:  40.50  40.50  40.00  42.00  43.50  50.50  54.00  57.50  52.00  50.00  43.00  36.50  29.50  21.50  25.50  14.50  11.00   9.50  13.50  15.00  11.50  13.00  20.00  20.50
 16.2S / 30:  42.50  40.00  40.50  41.50  47.00  49.50  54.00  55.50  48.00  41.00  41.00  32.50  23.50  14.00  12.00  17.50  14.50  12.50   ....  11.50  13.50  13.00  15.00  15.50
 18.8S / 29:  43.00  43.00  42.50  41.50  42.00  52.00  54.50  55.00  51.50  49.50  36.50  31.50  23.00  16.00  10.00  12.50  21.00  14.50  11.00  11.00  11.00  20.00  18.00  15.00
 21.2S / 28:  41.00  46.00  43.00  40.50  48.50  52.50  54.50  58.50  51.00  49.50  49.50  37.50  33.00  33.50  31.00  27.50  27.00  29.00  16.50   ....  22.00  27.50  20.00  14.00
