             VARIABLE : Mean low cloud amount (%)
             FILENAME : ISCCPMonthly_avg.nc
             FILEPATH : /usr/local/fer_data/data/
             SUBSET   : 24 by 24 points (LONGITUDE-LATITUDE)
             TIME     : 16-JUL-1999 00:00
              113.8W 111.2W 108.8W 106.2W 103.8W 101.2W 98.8W  96.2W  93.8W  91.2W  88.8W  86.2W  83.8W  81.2W  78.8W  76.2W  73.8W  71.2W  68.8W  66.2W  63.8W  61.2W  58.8W  56.2W  
               27     28     29     30     31     32     33     34     35     36     37     38     39     40     41     42     43     44     45     46     47     48     49     50
 36.2N / 51:  20.00  14.50  14.50  11.50  14.50  16.00  13.50  13.50  13.50  15.00  18.00  17.50  18.00  18.00  18.00  19.50  25.50  24.00  24.00  24.00  23.50  25.00  23.00  23.00
 33.8N / 50:  25.50  25.50  18.00  18.50  18.50  17.50  14.50  14.50  12.50  13.00  15.00  16.50  17.50  17.50  17.50  24.50  25.50  21.50  20.50  20.50  21.00  18.00  17.00  19.00
 31.2N / 49:  25.50  25.50  15.50  18.00  25.50  20.50  17.50  13.00  13.00  12.50  12.50  12.50  14.50  22.50  22.50  22.50  21.00  22.00  24.50  23.00  22.00  18.00  18.00  14.00
 28.8N / 48:  22.50  16.50  16.50   9.00  19.00  20.00  19.50  15.00  20.50  19.50  19.50  23.00  20.00  15.00  19.00  18.00  23.00  21.50  21.50  23.00  20.00  17.50  12.50  13.50
 26.2N / 47:  15.50  21.50   9.00   9.00  15.00  19.00  18.50  19.00  23.00  24.50  23.00  26.50  26.50  18.00  15.50  17.50  19.50  21.00  22.50  22.00  18.50  17.00  17.00  13.50
 23.8N / 46:  22.50  21.00  18.50   9.00   9.00  14.50  13.00  17.50  22.50  27.00  27.00  27.00  21.00  17.00  17.00  18.00  18.00  17.00  15.50  17.50  19.50  17.50  16.00  16.00
 21.2N / 45:  40.00  31.00  30.50  18.00   8.00  11.00  11.50  21.50  24.00  15.00  15.00  17.00  21.50  21.00  16.50  15.50  20.00  17.00  15.00  17.50  19.00  18.00  19.00  20.00
 18.8N / 44:  36.50  36.50  29.00  25.00  13.50   9.00   9.00  10.50  16.00  11.00  11.50  20.50  19.50  21.50  19.50  19.50  20.00  16.00  15.50  15.50  17.50  20.00  19.00  20.00
 16.2N / 43:  29.00  27.50  25.00  24.00  19.00  15.00  10.00  12.00   7.00   8.50   8.50  14.50  16.00  20.50  21.00  19.50  18.00  16.50  19.00  16.50  16.00  19.50  19.50  21.50
 13.8N / 42:  25.50  26.00  26.50  25.00  21.50  18.50  17.50  18.00  18.50  12.00  11.50  10.00  14.50  26.50  25.00  22.00  19.50  17.00  16.50  18.50  19.50  22.50  19.00  20.00
 11.2N / 41:  22.00  22.50  23.00  21.00  21.00  17.00  19.00  19.00  18.50  24.00  24.50  10.50  14.50  24.50  27.50  22.50  21.00  21.00  16.50  22.00  20.50  21.50  21.50  23.00
 8.8N  / 40:  24.50  20.50  20.00  18.00  17.00  17.00  20.00  21.50  23.50  25.00  25.00  24.00  13.50   8.00  10.50  12.00  11.50   9.50  11.00  13.00  14.00  14.00  18.00  23.50
 6.2N  / 39:  40.50  39.50  40.50  39.50  41.00  41.50  40.50  40.00  37.00  37.50  31.00  27.00  20.50  19.00  16.00   6.00   6.50   8.50  11.00  11.00  10.50  10.50  12.50  17.00
 3.8N  / 38:  52.00  48.00  50.00  55.00  59.50  61.50  58.50  60.00  61.50  56.50  49.00  43.50  42.00  33.50  20.50   8.00   7.00  11.00  11.00   9.50  10.50  13.50  12.00  12.00
 1.2N  / 37:  36.50  36.00  35.00  43.00  51.00  50.00  45.50  44.50  42.50  45.50  48.00  53.00  54.50  46.50  13.00   6.50  12.00  12.00  12.00  11.00  12.50  12.00  13.50  13.00
 1.2S  / 36:  23.50  25.00  25.00  23.00  28.50  29.00  30.50  26.50  27.50  46.00  42.50  41.50  35.50  27.00   6.00  10.00  13.50  13.50  14.00  14.50  14.50  16.00  15.50  14.00
 3.8S  / 35:  26.50  25.00  26.00  28.50  32.50  38.00  37.50  38.50  51.00  62.00  59.50  47.00  19.50  18.00   8.50  12.50  13.50  14.00  16.00  17.00  15.00  15.00  14.50  12.50
 6.2S  / 34:  26.50  32.50  37.00  40.00  43.50  52.50  57.00  56.50  63.00  68.00  70.50  68.50  49.00  23.00  10.00  10.50  13.50  14.00  16.50  15.00  13.50  11.50   9.50   6.50
 8.8S  / 33:  32.50  38.00  47.50  54.50  60.00  64.00  67.00  67.50  69.00  71.00  71.00  72.00  70.00  58.00  33.50  10.00  11.50  11.00  12.00  10.50   8.50   8.50   7.00   6.50
 11.2S / 32:  36.50  42.00  46.50  50.00  60.00  67.50  68.50  70.50  68.50  68.50  69.00  70.00  64.00  63.50  23.50  10.50  10.50   9.50   9.50   9.00   9.00   7.00   7.00   8.00
 13.8S / 31:  39.00  40.00  45.00  50.00  56.00  60.00  66.00  68.00  71.00  75.50  72.00  68.00  68.50  62.50  50.50  13.00   7.00   7.50  10.00   9.50  10.00  12.00  15.50  12.00
 16.2S / 30:  44.50  43.50  44.00  48.50  54.50  57.00  58.50  60.50  64.50  59.50  59.50  63.50  61.00  52.00  44.00  44.00  20.50   9.50   ....   9.50  11.50  13.50  14.50  15.00
 18.8S / 29:  40.50  40.50  43.50  44.50  53.00  55.00  57.00  58.00  59.00  59.00  58.00  58.50  63.50  57.00  49.50  50.50  42.50  21.00   5.50   5.50  11.00  19.50  21.50  14.50
 21.2S / 28:  43.00  42.50  44.00  42.50  50.50  50.00  55.00  57.50  57.50  57.00  57.00  59.50  63.00  61.00  52.50  51.50  53.50  40.00   9.00   ....  23.00  28.00  23.50  13.00
