             VARIABLE : Mean low cloud amount (%)
             FILENAME : ISCCPMonthly_avg.nc
             FILEPATH : /usr/local/fer_data/data/
             SUBSET   : 24 by 24 points (LONGITUDE-LATITUDE)
             TIME     : 16-DEC-1997 00:00
              113.8W 111.2W 108.8W 106.2W 103.8W 101.2W 98.8W  96.2W  93.8W  91.2W  88.8W  86.2W  83.8W  81.2W  78.8W  76.2W  73.8W  71.2W  68.8W  66.2W  63.8W  61.2W  58.8W  56.2W  
               27     28     29     30     31     32     33     34     35     36     37     38     39     40     41     42     43     44     45     46     47     48     49     50
 36.2N / 51:  10.00   6.50   6.50   3.50   5.00  10.50  14.00  14.00  16.50  13.00  16.50  14.00  12.00  12.00  16.50  27.00  47.50  37.00  37.00  31.50  28.50  29.00  30.00  30.00
 33.8N / 50:  12.50  12.50   9.50   7.50  11.50  18.50  19.50  19.50  19.00  16.00  17.50  20.00  17.50  17.50  23.00  34.50  33.50  29.50  27.00  27.00  25.00  24.50  25.50  26.00
 31.2N / 49:  16.00  16.00  13.00  12.00  15.00  20.50  22.00  19.50  19.50  16.00  22.50  21.50  17.50  29.50  34.50  34.50  24.50  21.00  22.00  24.50  23.00  26.50  26.50  31.00
 28.8N / 48:  24.00  15.50  15.50   7.50  10.00  15.00  22.00  24.00  25.00  33.50  33.50  30.00  23.00  17.50  27.50  25.50  23.50  23.00  23.00  25.00  23.00  24.50  30.50  30.50
 26.2N / 47:  22.00  22.50  10.50  10.50   8.50  11.00  18.50  29.00  39.50  43.00  36.50  29.00  29.00  17.00  23.00  26.50  24.50  24.00  26.50  26.50  27.00  31.50  31.50  33.00
 23.8N / 46:  36.50  24.50  21.50  10.00  10.00   6.00  11.50  29.00  42.00  35.50  35.00  35.50  27.50  25.00  26.00  28.50  28.50  27.50  25.00  25.50  26.50  26.50  32.50  27.00
 21.2N / 45:  36.00  38.00  35.50  26.00   8.00   5.50  19.50  31.00  34.50  24.00  24.00  26.00  31.00  29.50  23.50  26.00  27.50  22.00  20.00  23.00  21.50  33.50  32.50  26.50
 18.8N / 44:  40.50  40.50  40.00  35.50  19.50  12.50   9.50  14.50  26.00  22.50  24.50  34.00  34.00  32.00  24.50  24.00  19.50  16.50  12.00  12.00  18.50  15.00  25.50  29.00
 16.2N / 43:  48.50  47.00  40.50  34.00  25.00  20.50  12.50  14.50  12.50  16.00  16.00  25.50  25.50  27.50  25.50  22.00  18.50  10.50  12.00  13.50  16.50  29.00  26.00  27.50
 13.8N / 42:  48.50  47.50  36.50  36.50  31.50  29.50  27.00  25.50  19.00  11.50  12.00  19.00  20.00  24.50  27.00  20.50  13.50   6.50  10.50  14.00  17.50  28.50  27.50  24.00
 11.2N / 41:  45.00  42.00  35.50  31.00  27.50  24.50  26.00  23.50  21.00  24.00  16.50  13.50  24.00  28.50  24.50  10.00  12.50  14.50   7.50  10.00  12.50  15.00  15.00  16.00
 8.8N  / 40:  34.50  38.00  33.00  28.50  25.00  24.00  22.50  25.00  26.50  27.00  27.00  22.50  19.50  20.50  18.50  14.00  10.50  15.50  15.00  14.50  16.50  16.50  16.50  22.00
 6.2N  / 39:  27.50  31.50  38.00  32.50  28.00  24.50  25.00  26.00  27.00  26.50  25.50  28.50  31.00  29.50  22.50   9.00   9.00  14.50  12.00  14.50  20.00  17.50  20.50  23.00
 3.8N  / 38:  26.50  28.50  31.00  29.50  27.50  33.50  32.50  29.50  31.00  38.00  38.50  38.00  33.00  28.00  19.50   6.00  11.50  14.50  15.00  16.00  18.50  22.00  21.50  15.50
 1.2N  / 37:  25.00  28.00  26.50  24.50  22.50  29.50  29.50  28.00  29.50  32.50  33.50  28.50  23.50  18.00   6.00   5.00  10.00  10.00   9.50  13.00  19.00  13.00  15.00  17.50
 1.2S  / 36:  32.50  34.50  35.00  36.00  32.50  33.00  34.50  34.50  36.00  32.00  33.50  28.50  25.00  12.50   2.00   4.00   5.50   6.50   7.00  11.00  15.00  10.50  13.00  14.50
 3.8S  / 35:  38.50  38.50  43.50  47.00  47.00  50.50  50.50  49.50  46.00  43.00  39.50  36.50  33.00  15.50   2.50   3.00   3.50   6.00   6.00   7.00   7.50   6.00   8.50  11.00
 6.2S  / 34:  34.50  33.00  34.50  41.50  43.00  51.50  57.00  55.50  54.00  51.00  49.50  44.00  40.50  27.50   7.00   3.00   5.00   6.00   5.50   6.50   6.50   4.50   5.00   6.50
 8.8S  / 33:  34.50  35.50  38.00  43.00  47.00  55.00  52.00  51.50  52.50  59.50  59.50  57.50  52.50  46.00  23.50   1.00   4.50   7.50   8.00   7.00   6.50   4.00   4.50   5.00
 11.2S / 32:  43.50  44.00  48.50  52.00  53.50  59.50  57.50  53.00  56.00  59.50  58.00  56.00  52.50  44.00  15.00   2.50   5.50   7.50   9.00   9.00   5.50   5.50   5.50   6.50
 13.8S / 31:  45.50  51.00  52.50  56.50  54.00  54.00  51.00  50.50  52.50  52.50  45.00  53.00  55.00  51.00  43.50  12.00   3.50   6.50   7.00  10.50  11.00   6.50   6.50   7.50
 16.2S / 30:  48.00  49.50  49.00  49.50  47.50  47.50  46.00  46.00  44.50  37.50  37.50  36.00  38.50  41.00  51.50  43.50  29.50  11.50   6.00   5.00   9.50   8.50  10.50  10.50
 18.8S / 29:  37.50  37.50  37.50  37.50  39.50  37.00  38.50  40.50  42.00  34.00  34.50  29.50  31.00  28.50  29.50  34.50  47.50  22.50   ....   ....   8.50   9.00  14.00  12.00
 21.2S / 28:  39.00  38.00  35.50  35.00  35.00  35.00  35.00  36.50  35.50  31.50  31.50  33.00  30.00  29.00  27.00  29.50  23.50  42.00  16.50   8.50  16.00  14.00  12.00  11.00
