             VARIABLE : Mean low cloud amount (%)
             FILENAME : ISCCPMonthly_avg.nc
             FILEPATH : /usr/local/fer_data/data/
             SUBSET   : 24 by 24 points (LONGITUDE-LATITUDE)
             TIME     : 16-NOV-1997 00:00
              113.8W 111.2W 108.8W 106.2W 103.8W 101.2W 98.8W  96.2W  93.8W  91.2W  88.8W  86.2W  83.8W  81.2W  78.8W  76.2W  73.8W  71.2W  68.8W  66.2W  63.8W  61.2W  58.8W  56.2W  
               27     28     29     30     31     32     33     34     35     36     37     38     39     40     41     42     43     44     45     46     47     48     49     50
 36.2N / 51:  10.50   6.50   6.50   5.00   7.00  12.50  18.00  18.00  24.00  24.00  20.50  13.50  12.00  12.00  15.00  26.00  39.50  34.50  34.50  34.00  37.00  35.00  37.00  37.00
 33.8N / 50:  10.00  10.00   7.00   5.00   8.50  19.00  26.00  26.00  26.50  28.00  24.50  17.50  14.50  14.50  19.50  34.50  37.00  30.50  27.00  27.00  31.50  33.50  35.50  36.00
 31.2N / 49:  12.00  12.00   9.00   7.50  13.50  21.00  30.00  33.00  33.00  29.50  26.00  21.00  16.50  28.50  37.00  37.00  29.50  26.00  25.50  30.00  33.00  36.00  36.00  36.50
 28.8N / 48:  17.50  11.50  11.50   4.50   9.50  17.50  33.50  40.50  37.00  32.50  32.50  32.50  27.00  18.50  30.50  25.00  21.50  24.00  24.00  27.00  29.00  30.50  32.00  30.00
 26.2N / 47:  20.00  17.00   8.50   8.50   5.00   9.00  30.00  44.00  36.50  32.50  34.50  32.00  32.00  20.50  20.00  26.00  29.00  25.00  28.50  29.00  26.00  25.50  25.50  28.00
 23.8N / 46:  32.00  19.50  12.50   6.00   6.00   4.50  16.00  34.50  30.50  28.50  29.00  30.00  22.50  22.00  24.50  28.50  28.50  23.00  24.50  26.00  25.50  28.50  25.50  26.00
 21.2N / 45:  38.00  29.00  22.50  13.00   5.00   8.00  18.00  28.00  24.50  18.50  18.50  15.50  20.00  18.00  15.00  17.50  24.00  25.00  28.50  24.50  21.50  21.00  22.50  21.50
 18.8N / 44:  25.50  25.50  20.50  19.00  15.00  11.50   8.00  11.50  21.50  16.50  13.00  18.50  17.50  18.50  15.50  20.00  17.00  21.00  21.00  21.00  24.00  20.50  20.50  22.00
 16.2N / 43:  29.00  23.50  22.50  23.50  23.00  14.50   9.50  12.50  12.00  13.00  13.00  17.50  16.50  20.50  24.00  28.50  28.50  26.00  23.50  19.00  19.50  22.50  22.00  21.00
 13.8N / 42:  28.50  25.00  23.50  22.50  20.00  19.00  23.00  21.00  21.50  17.00  14.50  15.00  13.00  20.50  25.50  26.50  24.50  23.00  23.50  22.50  20.50  20.50  22.00  21.50
 11.2N / 41:  27.50  26.50  25.00  20.50  16.00  21.50  22.00  21.00  24.50  22.50  20.50  13.00  15.50  19.50  20.00  18.00  17.50  19.50  20.00  22.00  25.00  26.50  26.50  27.50
 8.8N  / 40:  30.50  30.50  30.50  21.00  19.50  20.50  20.00  20.00  22.00  18.50  18.50  18.00  15.00  10.50  13.00  11.00  10.50  10.50  14.00  16.00  17.00  18.00  22.00  26.00
 6.2N  / 39:  28.00  27.00  27.50  22.00  22.00  24.00  22.50  18.50  18.00  15.00  16.50  18.00  18.00  18.00  15.50   4.00   6.50  10.50  14.00  14.50  13.50  14.00  16.50  18.50
 3.8N  / 38:  26.00  23.50  27.50  29.50  30.00  28.00  26.50  24.00  22.00  21.00  21.50  18.00  17.00  17.50  13.50   4.00   8.00  12.00  10.00  10.50  11.50  21.00  20.50  16.00
 1.2N  / 37:  26.50  27.50  28.00  28.50  28.50  32.00  37.00  35.50  35.00  32.00  27.50  26.00  24.00  19.50   6.50   4.00  10.00   8.50   8.50   8.00  11.00  16.00  16.00  18.50
 1.2S  / 36:  31.00  29.50  32.00  35.00  29.50  32.50  34.50  38.00  37.50  40.00  34.00  31.50  30.50  19.00   3.50   5.00   8.50   7.50   7.50   8.00   9.00  11.50  13.00  15.50
 3.8S  / 35:  38.50  39.00  36.50  37.00  33.50  35.00  38.00  37.00  39.00  36.50  40.00  34.50  32.00  22.50   5.50   6.50   7.00   8.00   7.50   7.50   8.50  10.50  12.50  12.50
 6.2S  / 34:  36.50  40.00  38.50  36.50  36.00  38.50  42.50  44.50  42.00  40.50  41.00  44.50  43.50  39.00  14.00   6.50   9.50   8.00   7.00   7.00   8.50  10.00  11.00  12.00
 8.8S  / 33:  35.50  39.00  41.00  40.50  45.50  51.50  56.00  57.00  53.50  52.50  52.50  50.50  53.50  51.00  40.00   5.50   9.00  10.00  10.00   9.50   9.50   9.50   9.50  10.50
 11.2S / 32:  40.00  43.50  47.00  49.50  56.00  55.00  58.00  64.00  60.50  57.50  64.00  62.50  58.00  60.00  30.00   6.50   7.50   9.50  11.00  11.50  10.00  11.00  11.00  12.00
 13.8S / 31:  46.50  49.50  54.00  56.00  53.50  56.50  60.00  58.00  55.00  56.50  59.00  55.50  62.50  65.50  61.50  20.50   7.00   5.00   9.50  14.00  12.50  13.50  14.50  13.50
 16.2S / 30:  43.50  50.00  51.50  51.00  49.50  53.00  52.00  51.00  53.00  50.50  50.50  47.00  46.00  49.50  54.00  50.00  33.00  12.00   3.50   9.00  13.50  16.00  16.50  15.50
 18.8S / 29:  40.50  40.50  47.00  44.00  46.50  44.00  46.00  49.50  48.50  46.50  44.00  43.50  38.00  32.50  42.00  45.50  50.50  25.50   2.00   2.00  12.00  17.50  23.50  18.00
 21.2S / 28:  35.00  40.00  42.00  42.50  47.00  42.00  43.50  45.00  41.00  42.00  42.00  39.00  41.00  39.50  37.50  32.50  49.00  46.50  12.50   8.00  21.00  30.00  23.00  16.50
