             VARIABLE : Mean low cloud amount (%)
             FILENAME : ISCCPMonthly_avg.nc
             FILEPATH : /usr/local/fer_data/data/
             SUBSET   : 24 by 24 points (LONGITUDE-LATITUDE)
             TIME     : 16-APR-1999 00:00
              113.8W 111.2W 108.8W 106.2W 103.8W 101.2W 98.8W  96.2W  93.8W  91.2W  88.8W  86.2W  83.8W  81.2W  78.8W  76.2W  73.8W  71.2W  68.8W  66.2W  63.8W  61.2W  58.8W  56.2W  
               27     28     29     30     31     32     33     34     35     36     37     38     39     40     41     42     43     44     45     46     47     48     49     50
 36.2N / 51:  31.50  22.50  22.50  13.50  17.00  28.50  28.00  28.00  24.00  25.50  26.50  28.00  24.50  24.50  22.00  31.00  45.00  43.00  43.00  40.50  41.50  34.00  35.50  35.50
 33.8N / 50:  31.00  31.00  18.50  15.50  22.50  28.00  25.00  25.00  25.50  27.00  26.00  24.50  23.50  23.50  23.50  28.50  31.00  30.50  31.00  31.00  29.50  31.00  32.00  35.50
 31.2N / 49:  31.50  31.50  22.50  17.00  23.50  27.50  24.50  20.50  20.50  22.50  23.50  23.50  25.00  22.50  29.00  29.00  27.00  29.50  31.50  35.00  36.50  37.50  37.50  35.50
 28.8N / 48:  29.00  16.50  16.50  11.50  16.00  22.50  24.50  16.50  19.00  16.50  16.50  17.00  20.50  24.00  23.50  24.50  28.50  31.00  31.00  32.00  30.00  30.00  32.00  33.00
 26.2N / 47:  20.50  19.50  12.00  12.00  11.50  17.50  24.50  19.00  19.50  16.50  18.00  17.00  17.00  19.50  19.50  27.00  27.00  28.50  28.50  31.00  30.50  30.00  30.00  28.00
 23.8N / 46:  27.50  21.00  17.50  12.50  12.50  12.00  20.00  19.00  18.50  16.00  17.00  16.00  18.00  17.00  17.50  21.00  21.00  20.00  19.50  22.00  23.00  23.50  23.50  23.00
 21.2N / 45:  26.00  27.50  21.50  17.50  12.50  15.50  19.00  18.00  19.00  15.50  15.50  10.00  12.00  12.50  16.50  19.00  20.50  16.00  17.00  17.00  18.50  19.50  21.00  22.00
 18.8N / 44:  29.50  29.50  29.00  26.50  17.50  15.50  13.00  15.00  15.00  15.50  10.00  13.50  14.00  14.50  16.00  14.50  23.50  15.50  17.00  17.00  18.00  16.00  16.50  17.50
 16.2N / 43:  35.50  31.00  31.00  27.00  17.00  12.00  11.50  16.50  16.00  16.00  16.00  17.50  18.00  19.50  20.00  17.50  16.50  13.50  14.00  15.00  18.50  22.00  20.00  21.00
 13.8N / 42:  31.50  30.00  26.50  25.50  23.00  17.50  14.00  19.50  23.00  19.50  18.00  19.00  19.00  26.50  25.50  23.50  24.50  23.50  23.50  22.00  22.00  23.00  21.50  23.00
 11.2N / 41:  26.50  28.50  25.50  24.50  22.50  20.00  18.00  19.00  21.50  21.50  20.50  19.50  21.00  31.00  29.50  24.00  18.00  19.00  20.50  23.50  20.50  20.50  20.50  22.50
 8.8N  / 40:  20.00  24.00  27.00  24.00  20.50  20.00  19.00  20.00  20.00  19.50  19.50  23.00  19.50  16.00  19.00  15.00  10.50   6.50  10.50  19.50  18.50  14.50  17.00  24.00
 6.2N  / 39:  21.00  23.00  27.00  29.00  25.50  24.00  23.00  20.50  22.00  23.50  21.00  20.50  23.00  26.00  20.50   4.00   6.00   7.00  10.50  11.00   9.50  11.00  13.00  16.00
 3.8N  / 38:  24.00  23.00  25.00  27.00  25.00  25.50  25.00  25.50  25.00  28.50  31.50  29.50  32.00  29.00  15.50   3.00   4.00   5.50   6.50   7.00   7.50  12.00  10.50  10.50
 1.2N  / 37:  14.00  14.00  12.00  12.50  12.50  13.50  13.50  15.00  14.50  27.00  26.00  23.50  28.50  23.00   6.00   2.50   5.00   4.50   5.00   5.50   6.50   7.00   6.50   7.00
 1.2S  / 36:  20.00  19.50  17.00  18.00  20.00  18.00  19.50  19.00  19.00  20.50  21.50  14.50  17.50  16.50   2.50   4.00   5.50   6.50   6.50   5.50   5.00   5.00   5.50   5.50
 3.8S  / 35:  29.50  30.00  30.00  30.00  28.00  32.00  34.00  33.00  37.00  39.00  25.50  16.00  13.00  15.50   3.00   3.50   6.00   6.00   5.50   5.00   5.50   6.00   6.00   6.50
 6.2S  / 34:  31.00  38.50  44.00  47.00  44.00  41.00  45.00  48.00  45.50  47.00  50.50  39.00  19.00  12.50   7.00   3.50   6.00   7.00   6.00   5.50   6.00   6.00   6.00   7.00
 8.8S  / 33:  36.00  41.50  46.50  51.50  48.50  48.50  49.00  45.50  44.00  44.50  44.50  54.00  46.50  22.00  14.50   3.50   6.50   7.00   7.50   7.00   6.00   8.00   9.00   9.00
 11.2S / 32:  36.00  39.00  41.00  47.50  50.00  48.50  49.50  50.00  45.50  48.00  50.50  53.00  51.50  38.00  12.00   4.50   7.50   8.50  10.00   9.00  10.00  12.00  12.00  13.00
 13.8S / 31:  35.50  40.50  44.00  49.50  52.50  53.50  52.50  53.50  53.50  54.00  56.50  51.00  59.00  59.00  31.00  11.50   4.00   5.00  10.00  14.00  12.00  11.50  12.50  14.00
 16.2S / 30:  35.50  39.00  47.50  49.00  47.00  48.50  53.00  47.50  43.50  46.00  46.00  45.00  43.00  45.00  58.50  46.50  27.00  10.00   ....   8.50  13.00  15.00  16.00  14.50
 18.8S / 29:  38.50  38.50  37.00  35.50  39.50  43.00  43.50  44.50  47.50  46.00  42.00  37.50  30.50  40.00  52.50  58.50  56.00  19.50   8.50   8.50   9.00  15.50  17.00  17.50
 21.2S / 28:  36.00  38.00  37.00  39.00  36.50  37.00  39.50  43.50  46.50  46.00  46.00  41.50  34.00  31.00  38.50  46.00  63.00  47.00  11.00   ....  16.50  18.50  18.50  15.50
