             VARIABLE : Mean low cloud amount (%)
             FILENAME : ISCCPMonthly_avg.nc
             FILEPATH : /usr/local/fer_data/data/
             SUBSET   : 24 by 24 points (LONGITUDE-LATITUDE)
             TIME     : 16-FEB-2000 00:00
              113.8W 111.2W 108.8W 106.2W 103.8W 101.2W 98.8W  96.2W  93.8W  91.2W  88.8W  86.2W  83.8W  81.2W  78.8W  76.2W  73.8W  71.2W  68.8W  66.2W  63.8W  61.2W  58.8W  56.2W  
               27     28     29     30     31     32     33     34     35     36     37     38     39     40     41     42     43     44     45     46     47     48     49     50
 36.2N / 51:  17.00  10.00  10.00   8.00  13.00  17.00  20.00  20.00  22.00  17.00  19.50  19.50  18.50  18.50  21.00  30.50  54.50  48.00  48.00  50.50  46.00  45.50  42.00  42.00
 33.8N / 50:  16.00  16.00  11.50   9.50  12.00  24.00  25.00  25.00  26.50  25.00  24.50  19.00  20.50  20.50  25.00  41.50  46.50  41.00  38.00  38.00  39.50  38.50  36.50  32.00
 31.2N / 49:  20.50  20.50  12.50  12.50  16.00  24.00  24.50  26.50  26.50  26.50  25.00  21.50  20.50  29.50  39.00  39.00  37.00  35.50  34.50  38.00  37.00  36.50  36.50  38.00
 28.8N / 48:  19.50  15.50  15.50   8.50  11.00  21.00  27.00  24.00  24.00  21.50  21.50  23.50  23.00  21.00  32.50  31.00  31.00  32.50  32.50  36.50  34.00  35.00  35.50  35.00
 26.2N / 47:  17.50  19.50  10.50  10.50   9.00  14.00  31.00  26.50  22.50  22.50  29.50  31.50  31.50  19.00  26.50  29.50  28.50  25.00  29.00  29.00  30.50  32.00  32.00  31.00
 23.8N / 46:  27.00  19.50  17.50  10.00  10.00   8.50  20.00  22.00  24.50  21.50  24.00  28.00  19.50  18.00  17.50  24.00  24.00  25.00  24.00  25.00  27.00  30.00  30.50  34.50
 21.2N / 45:  38.50  26.00  21.00  15.50   8.00  11.00  17.00  22.50  19.50  16.00  16.00  17.50  19.50  15.50  17.00  17.50  22.50  21.00  24.00  25.50  25.50  31.50  33.00  37.50
 18.8N / 44:  37.00  37.00  24.50  18.50  20.00  13.00  10.50  16.00  17.50  17.50  16.00  21.00  20.50  16.50  20.50  17.50  25.50  22.50  25.00  25.00  28.00  32.00  37.00  40.00
 16.2N / 43:  33.00  24.50  17.50  15.50  12.00  13.50  13.00  17.50  15.50  15.50  15.50  20.00  22.00  23.00  21.00  22.00  23.50  23.00  25.50  27.50  30.00  37.50  37.00  42.00
 13.8N / 42:  29.00  24.00  19.50  17.50  13.50  10.00   9.50  16.00  18.50  13.50  17.00  22.00  20.00  22.50  22.00  19.00  21.00  27.00  29.50  30.50  36.00  43.50  39.50  38.00
 11.2N / 41:  27.50  25.00  22.00  18.50  16.00  13.00  14.00  12.00  13.00  14.00  15.50  23.50  23.00  22.00  18.50  16.00  19.50  20.50  25.00  27.50  29.00  29.50  29.50  33.50
 8.8N  / 40:  26.00  24.50  19.50  18.00  14.50  13.50  11.00  10.50  10.00  11.00  11.00  16.50  14.00  21.00  16.50  17.50  17.00  13.50  17.50  23.00  24.00  20.00  24.00  31.50
 6.2N  / 39:  23.00  23.50  25.00  24.50  21.00  17.00  14.00  15.50  16.50  15.00  21.00  20.50  21.00  15.00  18.50   7.50  10.00  13.50  16.00  19.00  18.00  17.50  18.50  22.50
 3.8N  / 38:  25.00  26.00  22.50  19.50  21.50  26.00  25.50  28.50  27.00  27.00  25.00  18.50  13.50  19.00  21.00   7.00  12.50  15.00  15.00  12.50  13.00  18.50  16.50  13.50
 1.2N  / 37:  19.00  19.50  20.00  23.00  22.00  26.50  23.50  21.50  21.50  20.50  16.50  16.50  21.50  25.00   8.00   8.50  10.50  10.00  10.50  11.00  13.00  13.50  10.50   9.50
 1.2S  / 36:  20.50  19.50  22.50  22.50  21.50  22.50  16.50  13.50  14.00  15.50  12.00  15.00  22.00  21.00   7.00   8.50  10.00   8.00   9.00  10.50  10.00   8.00   7.00   7.00
 3.8S  / 35:  39.50  38.00  33.50  35.50  31.50  29.50  27.00  27.00  23.00  22.50  23.50  21.00  18.00  19.00   3.00   6.00   6.50   6.00   7.50   8.50   7.50   5.50   5.00   6.00
 6.2S  / 34:  38.00  43.00  40.50  38.50  36.00  39.50  39.00  38.50  39.50  40.00  41.50  31.00  20.00  20.50   7.00   4.50   5.50   5.00   5.00   5.00   4.50   3.50   3.50   4.50
 8.8S  / 33:  32.50  35.50  37.50  33.00  35.00  37.50  37.50  38.00  35.50  32.50  32.50  36.00  30.50  20.00  19.50   3.00   5.00   4.50   4.50   5.00   4.50   3.50   4.00   4.50
 11.2S / 32:  24.00  25.50  25.00  26.00  26.00  28.00  28.00  27.50  30.00  32.00  35.50  41.50  35.00  23.50  14.50   1.00   3.50   5.00   7.00   5.50   5.00   5.00   5.00   6.50
 13.8S / 31:  25.00  28.00  30.50  34.00  31.50  31.00  30.50  33.00  34.00  37.00  41.00  49.00  50.00  36.00  22.50  13.00   1.00   1.50   5.00   9.50   7.50   5.50   6.00   7.50
 16.2S / 30:  31.00  33.50  35.50  36.50  34.00  34.00  37.00  38.50  39.00  37.00  37.00  36.50  39.00  43.00  40.50  31.00  21.00   4.50   1.00   5.00   6.50   7.50   7.50   7.50
 18.8S / 29:  34.50  34.50  36.50  37.50  35.00  33.50  33.50  35.00  35.00  36.00  38.00  39.50  40.50  44.00  43.50  40.50  35.00  16.00   9.50   9.50   9.00  12.00  13.50  10.50
 21.2S / 28:  28.00  31.00  35.50  39.50  36.00  39.00  39.00  38.50  37.00  34.00  34.00  33.00  33.50  36.50  34.00  41.00  54.00  37.00  14.50   ....  18.50  19.50  15.00  11.50
