             VARIABLE : Mean low cloud amount (%)
             FILENAME : ISCCPMonthly_avg.nc
             FILEPATH : /usr/local/fer_data/data/
             SUBSET   : 24 by 24 points (LONGITUDE-LATITUDE)
             TIME     : 16-AUG-1995 00:00
              113.8W 111.2W 108.8W 106.2W 103.8W 101.2W 98.8W  96.2W  93.8W  91.2W  88.8W  86.2W  83.8W  81.2W  78.8W  76.2W  73.8W  71.2W  68.8W  66.2W  63.8W  61.2W  58.8W  56.2W  
               27     28     29     30     31     32     33     34     35     36     37     38     39     40     41     42     43     44     45     46     47     48     49     50
 36.2N / 51:  20.00  13.50  13.50  10.00  12.00  15.00  14.00  14.00  14.50  14.00  12.50  14.00  19.00  19.00  13.50  16.00  27.00  23.00  23.00  25.00  30.00  29.00  28.00  28.00
 33.8N / 50:  21.50  21.50  12.00  11.50  16.00  17.50  16.50  16.50  16.00  13.50  13.00  18.50  21.00  21.00  17.00  24.00  28.00  25.50  24.50  24.50  27.00  27.00  27.00  27.50
 31.2N / 49:  21.50  21.50  14.00  15.50  19.50  23.00  20.00  15.50  15.50  15.00  12.00  17.00  20.00  23.00  26.00  26.00  28.50  32.00  33.50  29.50  27.50  23.00  23.00  21.00
 28.8N / 48:  25.00  12.00  12.00  12.50  20.00  22.50  21.50  20.50  26.50  23.50  23.50  24.50  23.50  18.00  27.50  25.00  28.00  26.00  26.00  25.50  19.00  16.50  16.50  15.50
 26.2N / 47:  23.50  17.00   9.00   9.00  15.00  17.00  19.00  28.50  28.50  27.50  24.00  25.50  25.50  21.00  21.00  24.50  26.50  24.50  25.00  25.50  20.00  15.50  15.50  17.50
 23.8N / 46:  28.50  19.50  11.50   5.50   5.50   9.50  13.00  24.50  27.00  25.50  25.50  27.00  23.00  19.50  19.50  23.00  23.00  22.00  21.50  25.50  28.00  22.00  17.00  18.50
 21.2N / 45:  29.00  30.00  22.00  10.50   3.00   7.50   9.50  28.00  30.50  18.50  18.50  20.50  24.50  22.50  16.00  19.00  25.50  24.50  27.00  30.50  26.50  23.00  20.50  24.00
 18.8N / 44:  29.50  29.50  25.00  17.50  10.00   5.50   3.50   6.50  16.00  13.00  13.00  35.50  34.00  29.00  22.00  25.00  19.00  20.00  26.50  26.50  33.00  31.00  27.00  31.00
 16.2N / 43:  31.50  24.00  18.00  16.00  18.00  14.00   6.00   5.50   3.00   5.50   5.50  20.50  25.50  37.50  34.50  28.50  31.00  27.00  30.50  31.00  32.50  30.50  28.00  28.00
 13.8N / 42:  22.50  21.50  19.50  16.50  17.00  15.50  18.00  16.50  14.00   7.50   7.00  10.00  17.50  33.00  31.00  28.50  28.50  30.50  34.00  35.50  33.00  28.50  24.00  26.50
 11.2N / 41:  23.00  20.50  20.00  17.00  16.00  16.50  18.50  17.50  16.50  18.50  18.50  10.00  20.00  31.00  29.50  21.00  12.00  18.00  22.50  28.00  22.50  26.00  26.00  27.50
 8.8N  / 40:  27.50  28.00  23.50  20.00  20.50  22.00  22.00  23.00  22.50  22.50  22.50  23.50  13.50   8.50  13.00  11.00   8.50   9.00  10.50  13.00  11.50  14.00  22.50  24.00
 6.2N  / 39:  48.00  44.50  39.00  38.50  40.50  41.50  38.50  40.50  40.50  40.00  36.50  32.00  27.00  21.50  18.50   5.50   8.00   7.00  11.50  10.00  10.00  11.00  14.00  14.50
 3.8N  / 38:  55.00  49.50  49.00  56.50  63.00  60.50  64.00  63.50  62.00  60.00  50.50  43.50  45.50  37.50  23.00   8.00   8.50  11.50  10.50  12.00  12.00  16.00  17.00  15.00
 1.2N  / 37:  37.00  35.00  40.50  47.00  55.00  58.00  64.00  60.00  61.50  55.50  46.50  46.50  55.50  49.00  13.00   8.00  10.50  11.00  12.50  12.00  14.00  16.00  16.50  14.50
 1.2S  / 36:  32.50  30.50  29.50  32.00  37.00  38.00  29.50  22.50  23.50  36.50  36.00  32.50  36.00  34.50  11.50  12.00  14.00  15.50  15.50  13.50  15.50  17.00  16.50  15.00
 3.8S  / 35:  37.00  41.50  43.00  46.00  49.50  47.50  43.50  36.50  40.50  46.50  34.50  23.50  16.00  20.00  11.50  14.00  14.00  15.00  14.00  14.00  14.00  13.00  13.50  11.00
 6.2S  / 34:  45.50  46.50  51.50  58.00  61.00  55.50  50.00  51.50  57.00  57.00  53.50  50.00  45.50  23.50  14.50  13.50  14.50  14.50  13.00  12.50  13.00  11.50  10.00   9.00
 8.8S  / 33:  50.50  56.50  60.50  60.00  62.00  59.50  58.50  57.00  58.00  59.50  59.50  58.50  61.50  57.00  31.50  10.50  15.00  15.00  15.00  15.00  12.00  10.00   7.00   7.00
 11.2S / 32:  48.50  52.00  56.00  57.50  65.00  65.00  66.00  67.00  67.00  63.50  61.50  62.00  50.50  53.50  22.00  13.50  13.50  14.50  16.00  15.50  12.50  10.00  10.00  10.50
 13.8S / 31:  55.50  58.00  58.50  56.50  57.00  56.00  58.50  60.50  62.50  60.00  57.00  55.50  52.00  39.00  39.00  10.50  10.00  10.50  16.00  19.00  18.00  13.50  16.00  16.50
 16.2S / 30:  52.00  56.00  58.50  59.50  60.00  59.50  60.00  59.00  57.00  51.50  51.50  50.00  39.50  35.50  25.50  19.00  10.50  10.00  12.00  16.00  22.00  19.50  19.50  19.50
 18.8S / 29:  42.50  42.50  49.50  54.00  55.00  54.00  56.00  58.00  55.00  56.50  56.50  49.50  45.50  36.00  23.00  31.50  15.50   9.50   ....   ....  10.00  20.50  27.00  22.00
 21.2S / 28:  45.50  46.50  46.00  50.00  54.00  53.50  54.50  54.00  53.50  53.50  53.50  53.00  48.00  38.50  32.00  28.50  27.00  14.00  13.00   6.50  21.00  29.50  26.50  18.00
