             VARIABLE : Mean middle cloud amount (%)
             FILENAME : ISCCPMonthly_avg.nc
             FILEPATH : /usr/local/fer_data/data/
             SUBSET   : 24 by 24 points (LONGITUDE-LATITUDE)
             TIME     : 16-MAR-1997 00:00
              113.8W 111.2W 108.8W 106.2W 103.8W 101.2W 98.8W  96.2W  93.8W  91.2W  88.8W  86.2W  83.8W  81.2W  78.8W  76.2W  73.8W  71.2W  68.8W  66.2W  63.8W  61.2W  58.8W  56.2W  
               27     28     29     30     31     32     33     34     35     36     37     38     39     40     41     42     43     44     45     46     47     48     49     50
 36.2N / 51:  16.50  15.50  15.50  15.50  20.50  29.50  24.00  24.00  18.50  19.50  17.00  19.00  23.50  23.50  21.00  19.50  18.00  23.00  23.00  27.00  27.50  28.50  30.00  30.00
 33.8N / 50:  10.00  10.00  15.00  17.00  23.00  26.50  21.00  21.00  22.50  20.50  20.50  20.00  19.00  19.00  14.00  13.00  15.00  16.50  20.50  20.50  20.50  19.00  20.00  21.50
 31.2N / 49:   9.50   9.50  16.00  21.50  23.50  19.50  18.50  19.50  19.50  16.00  19.50  21.50  19.50  17.50  14.50  14.50  14.50  15.00  15.50  16.50  15.00  14.00  14.00  16.50
 28.8N / 48:   9.50  13.50  13.50  21.00  20.00  16.50  18.00  15.00  15.00  17.50  17.50  18.00  16.00  15.50  13.50  11.50  11.50  12.00  12.00  12.50  11.50  10.50  11.50  12.50
 26.2N / 47:  11.50  13.50  18.00  18.00  20.00  17.00  19.50  17.50  15.50  14.50  13.00  11.00  11.00   9.50   8.50   7.50   8.00   9.00   9.00   9.50   9.00   9.00   9.00   9.50
 23.8N / 46:  13.50  12.00  13.00  18.50  18.50  17.50  18.00  18.50  13.00  11.50   9.00   7.50   8.00   6.50   5.00   4.00   4.00   4.50   4.50   5.50   5.00   4.50   3.50   3.50
 21.2N / 45:  14.00  13.50  14.00  17.00  18.50  17.50  21.00  16.00  10.50   8.00   8.00   8.00   6.00   5.50   5.00   8.00   6.00   4.00   2.50   1.50   1.50   1.00   1.00   1.00
 18.8N / 44:  17.00  17.00  15.00  12.50  14.50  16.00  17.50  21.00  16.00  10.50   7.50   6.50   5.50   4.50   5.50   5.00   8.00  10.00   3.50   3.50   2.00   1.50   1.50   1.50
 16.2N / 43:  14.50  10.00   9.00   8.50   7.50   8.00   9.50  12.00  13.00  16.50  16.50   9.50   7.00   3.50   2.50   3.00   3.00   2.50   1.50   2.00   1.50   2.00   2.50   3.50
 13.8N / 42:  11.50   8.50   7.50   7.00   5.50   5.50   5.00   4.50   6.00   9.50   9.00  12.00   9.50   3.00   2.50   1.50   1.50   2.50   2.50   2.50   3.00   4.50   7.50   7.50
 11.2N / 41:  10.00   6.50   5.50   4.50   5.50   4.50   4.50   4.00   4.50   3.00   3.00   5.50   9.50   4.00   2.00   3.00  11.50   9.00   6.50   5.00   8.50   9.50   9.50  11.50
 8.8N  / 40:   6.50   6.00   4.00   3.50   3.00   3.00   4.00   5.50   4.50   5.00   5.00   6.50   9.50  15.50   4.50   7.00  12.00  25.00  23.00   9.50  11.50  15.50  13.50   9.00
 6.2N  / 39:   8.50   7.50   7.00   5.50   5.50   6.50   7.50   8.00  12.00  11.50  14.00  14.00  12.00   7.00   9.50  22.00  30.00  33.00  17.50  16.50  21.50  24.50  25.00  13.50
 3.8N  / 38:  13.50  12.00  12.00  11.50  13.50  15.50  16.50  18.50  19.50  19.00  21.50  16.50  12.50  15.00  23.00  31.00  42.50  30.00  27.00  25.50  27.50  25.50  19.50  26.00
 1.2N  / 37:  14.50  14.00  16.50  21.00  21.00  21.00  19.50  20.00  21.50  20.50  18.00  12.50  15.50  23.50  33.00  43.00  39.50  33.00  33.00  31.00  29.00  26.50  29.50  32.50
 1.2S  / 36:  12.00  12.50  14.50  15.00  16.50  18.50  16.50  15.50  15.00  16.00  16.00  13.50  23.50  29.00  30.00  44.00  38.50  32.00  32.00  30.50  31.50  29.50  29.50  30.50
 3.8S  / 35:  13.00  13.50  12.50  13.50  16.00  19.50  20.50  16.00  14.50  13.50  17.50  17.50  18.50  24.50  33.50  39.00  38.00  32.00  32.00  30.00  28.50  27.50  30.00  31.50
 6.2S  / 34:  11.50  10.50   9.50  11.00  13.00  13.50  13.00  11.00  14.00  14.50  13.00  12.50  13.50  19.50  28.00  40.50  39.00  34.50  32.00  30.50  27.50  27.00  28.00  30.00
 8.8S  / 33:   7.50   6.00   6.00   6.50   9.50   7.50   5.50   7.50  11.00   9.00   9.00   7.50   9.00  13.00  15.50  36.00  35.50  33.00  34.00  33.00  31.00  29.00  28.50  30.50
 11.2S / 32:   5.50   5.50   5.00   5.50   6.50   7.00   7.00   7.50   8.00  10.50   9.00   6.50   8.50   9.50  15.50  33.50  33.00  30.00  32.00  29.50  29.50  27.50  27.50  28.00
 13.8S / 31:   5.00   4.00   5.50   4.00   4.00   5.50   8.00   8.50   7.00   7.00   7.00   6.00   6.00   7.00   6.50  18.00  30.00  24.00  27.50  27.50  26.50  26.50  25.50  27.50
 16.2S / 30:   4.00   3.00   3.00   3.50   3.50   5.50   6.00   6.50   6.00   4.00   4.00   4.00   5.00   4.50   5.50   5.50  12.00  29.00  26.00  29.50  27.00  25.50  23.50  23.50
 18.8S / 29:   4.50   4.50   3.50   2.50   3.00   2.50   4.00   5.00   4.00   4.00   6.00   4.00   5.00   7.00   8.00  10.50  11.00  21.50  31.50  31.50  28.50  29.50  22.50  18.50
 21.2S / 28:   9.00   7.50   4.50   3.50   3.00   4.50   3.50   5.50   4.00   5.00   5.00   6.00   5.50   4.50   8.50   9.00  11.00  11.50  23.50  27.00  31.50  20.00  17.00  19.00
