             VARIABLE : Mean high cloud amount (%)
             FILENAME : ISCCPMonthly_avg.nc
             FILEPATH : /usr/local/fer_data/data/
             SUBSET   : 24 by 24 points (LONGITUDE-LATITUDE)
             TIME     : 16-AUG-1998 00:00
              113.8W 111.2W 108.8W 106.2W 103.8W 101.2W 98.8W  96.2W  93.8W  91.2W  88.8W  86.2W  83.8W  81.2W  78.8W  76.2W  73.8W  71.2W  68.8W  66.2W  63.8W  61.2W  58.8W  56.2W  
               27     28     29     30     31     32     33     34     35     36     37     38     39     40     41     42     43     44     45     46     47     48     49     50
 36.2N / 51:  11.00  12.50  12.50  14.00  14.50  12.00   9.50   9.50   9.00  11.00   8.00   7.00   6.50   6.50   9.50  13.50  18.50  18.50  18.50  16.00  18.00  14.00  16.00  16.00
 33.8N / 50:  10.50  10.50  15.50  10.00  11.50  11.00  10.00  10.00  13.00  11.50   9.50   9.50   8.00   8.00  13.50  21.50  18.50  14.00  13.50  13.50  14.00  13.00  15.00  14.00
 31.2N / 49:  10.50  10.50  22.00  14.00   8.50  15.50  15.00  16.50  16.50  13.50  10.50  11.50  12.50  22.00  20.50  20.50  13.50  13.50  11.00   9.50   9.00   9.00   9.00   8.00
 28.8N / 48:   6.50  24.00  24.00  24.00  13.00  20.00  20.50  18.00  17.00  16.50  16.50  15.50  14.00  20.50  16.50  10.00  15.50  17.50  17.50  12.00   8.00   5.00   3.50   2.00
 26.2N / 47:   4.00  15.00  27.00  27.00  18.00  18.00  11.50  12.50  14.50  17.50  16.00  13.50  13.50  19.00  14.00   5.50  14.00  21.50  17.50  13.00  10.00   8.50   8.50   5.00
 23.8N / 46:   5.50  11.00  20.50  27.50  27.50  17.50  11.00  10.50  11.00  14.00  13.50  11.50  15.50  14.50   9.50  10.50  10.50  20.00  20.50  19.00  15.50  13.50  10.50   8.00
 21.2N / 45:   6.50  11.00  16.00  31.50  30.00  17.00  17.50  13.00  10.00  15.50  15.50  14.00  17.00  18.50  20.50  16.50  14.00  17.50  15.00  16.00  15.00  14.00  12.00  12.50
 18.8N / 44:  19.50  19.50  22.00  23.50  32.00  32.00  23.00  20.50  20.50  25.50  16.00  11.00  12.00  12.50  16.00  13.50  19.00  18.00  11.00  11.00   9.00  10.50   8.00   8.00
 16.2N / 43:  27.50  32.50  26.00  24.50  20.50  26.00  27.50  31.00  32.00  26.00  26.00  16.00  16.50  12.00  10.00   9.00   9.50   9.50  11.00  10.00   9.50  10.00   7.00   5.50
 13.8N / 42:  32.00  33.00  33.50  34.00  37.50  37.50  34.00  29.00  32.00  30.50  35.00  31.00  30.00  18.00  10.50   8.50   8.00   6.50   9.00  11.00  11.50  12.00  10.00   6.50
 11.2N / 41:  40.50  43.50  44.00  44.00  49.50  47.50  43.00  40.00  40.00  37.00  34.00  40.00  42.00  32.00  20.50  19.00  19.00  11.50   9.00   9.50  10.50  11.50  11.50   9.50
 8.8N  / 40:  41.50  48.00  50.00  43.50  47.00  49.00  49.50  56.50  49.00  45.00  45.00  43.50  52.00  49.50  46.00  44.00  40.00  34.00  23.00  23.00  21.00  19.50  18.00  14.50
 6.2N  / 39:  17.00  24.50  26.50  26.00  23.50  27.50  30.00  32.00  35.00  40.00  52.00  49.50  51.50  53.00  51.50  45.00  35.50  28.00  32.00  31.00  29.50  24.50  21.50  13.50
 3.8N  / 38:   6.00   6.50   6.50   7.50   9.50  10.00  10.50  11.50  11.50  13.50  17.00  17.50  23.00  31.00  44.50  26.00  23.00  28.50  33.00  30.00  24.50  18.50  14.00  11.00
 1.2N  / 37:   1.00   1.00   2.00   1.00   2.00   3.00   3.50   4.00   2.00   2.00   2.00   3.00   4.00   9.00  20.50  19.00  23.50  26.00  28.50  27.50  23.00  20.00  11.00   5.50
 1.2S  / 36:   0.00   0.50   0.50   0.50   1.50   1.50   2.00   1.00   0.50   1.00   1.00   1.00   1.50   4.50  13.50  19.00  21.50  22.00  23.50  22.00  19.00  16.50  10.50   6.50
 3.8S  / 35:   0.00   0.00   0.00   0.00   1.00   0.50   0.50   0.00   0.00   0.50   0.50   0.50   1.00   3.00  11.50  15.50  14.50  18.00  18.50  17.50  13.00  13.50  10.50   6.50
 6.2S  / 34:   0.00   0.00   0.00   0.00   0.50   0.00   0.00   0.00   0.00   0.00   0.00   0.00   0.00   1.00   4.50   8.50  11.50  13.00  13.00  11.00   9.00  11.00  13.00   8.50
 8.8S  / 33:   0.00   0.00   0.00   0.00   0.00   0.00   0.00   0.00   0.00   0.00   0.00   0.00   0.00   0.00   1.00   6.00   9.00   8.00   9.00   8.00   6.50   7.50   9.00   9.00
 11.2S / 32:   0.00   0.00   0.00   0.00   0.00   0.00   0.00   0.00   0.00   0.00   0.00   0.00   0.00   0.00   1.50   7.00  10.50  10.50   6.00   5.00   6.50   4.50   4.50   5.50
 13.8S / 31:   0.00   0.00   0.00   0.00   0.00   0.00   0.00   0.00   0.00   0.00   0.00   0.00   0.00   0.00   0.50   1.50   4.00   9.50   7.50   4.50   4.50   5.00   4.50   3.00
 16.2S / 30:   0.00   0.00   0.00   0.00   0.00   0.00   0.00   0.00   0.00   0.00   0.00   0.00   0.00   0.00   0.00   0.50   2.00   3.00   4.50   5.00   6.00   5.00   5.00   6.00
 18.8S / 29:   0.00   0.00   0.00   0.00   0.00   0.00   0.00   0.00   0.00   0.00   0.00   0.00   0.00   0.00   0.00   0.00   0.50   3.00   4.50   4.50   5.00   5.00   5.50   7.00
 21.2S / 28:   0.50   0.50   0.00   0.00   0.00   0.00   0.00   0.00   0.00   0.00   0.00   0.00   0.00   0.00   0.00   0.00   0.00   0.50   3.00   3.00   6.00   6.50  10.50  13.00
