             VARIABLE : Mean low cloud amount (%)
             FILENAME : ISCCPMonthly_avg.nc
             FILEPATH : /usr/local/fer_data/data/
             SUBSET   : 24 by 24 points (LONGITUDE-LATITUDE)
             TIME     : 16-OCT-1996 00:00
              113.8W 111.2W 108.8W 106.2W 103.8W 101.2W 98.8W  96.2W  93.8W  91.2W  88.8W  86.2W  83.8W  81.2W  78.8W  76.2W  73.8W  71.2W  68.8W  66.2W  63.8W  61.2W  58.8W  56.2W  
               27     28     29     30     31     32     33     34     35     36     37     38     39     40     41     42     43     44     45     46     47     48     49     50
 36.2N / 51:  23.50  12.50  12.50   8.50  11.50  21.00  20.50  20.50  16.50  20.00  21.50  22.50  22.00  22.00  23.00  25.00  49.50  41.50  41.50  35.00  32.00  32.00  34.00  34.00
 33.8N / 50:  28.50  28.50  14.00  10.00  17.00  19.00  19.50  19.50  18.00  16.50  15.50  14.00  13.50  13.50  17.00  28.00  36.50  28.50  28.00  28.00  33.50  35.00  35.00  35.00
 31.2N / 49:  25.00  25.00  15.50  12.00  15.00  19.00  19.00  19.00  19.00  16.00  12.00  12.00  12.00  20.00  31.50  31.50  28.00  27.00  26.50  27.50  30.50  33.50  33.50  37.50
 28.8N / 48:  22.00  15.00  15.00  12.00  12.00  15.00  19.50  22.00  18.50  17.50  17.50  20.00  16.50  18.00  27.50  22.50  23.00  26.00  26.00  29.50  31.50  33.00  31.50  33.50
 26.2N / 47:  18.00  16.50  14.50  14.50   6.00   9.00  19.00  22.50  23.50  24.50  27.00  29.00  29.00  18.50  18.00  23.00  26.50  26.50  26.00  32.50  36.00  34.50  34.50  35.00
 23.8N / 46:  20.50  15.50  16.50   7.50   7.50   4.50  10.00  21.50  20.00  25.50  29.50  31.50  20.50  15.00  18.00  23.50  23.50  25.00  25.00  30.00  35.00  37.50  37.00  38.50
 21.2N / 45:  36.00  21.50  23.50  15.00   6.50   5.50  12.50  23.50  23.50  16.50  16.50  19.00  24.00  18.50  13.50  17.50  28.50  29.50  34.00  33.00  30.00  35.00  34.50  31.50
 18.8N / 44:  34.00  34.00  30.50  21.50  14.00   8.00   6.50  11.50  20.50  16.50  13.00  29.00  29.00  28.00  21.50  25.50  19.50  21.00  24.00  24.00  28.50  29.50  31.50  29.50
 16.2N / 43:  34.50  30.50  25.50  23.00  19.00  16.50  10.50  13.50  11.00   9.50   9.50  17.50  19.00  26.00  31.00  29.50  32.00  30.50  32.50  31.50  29.50  31.50  31.50  33.50
 13.8N / 42:  31.00  30.00  29.50  27.50  26.50  23.00  23.00  22.50  24.00  14.50  10.00  10.00  16.00  29.00  32.00  34.50  30.50  30.50  34.00  30.50  27.00  30.00  32.00  27.50
 11.2N / 41:  31.50  28.00  26.00  25.00  23.00  24.00  24.50  25.50  23.00  27.00  24.50  12.00  19.50  30.50  32.00  22.50  14.50  16.00  18.00  26.50  26.50  28.50  28.50  28.50
 8.8N  / 40:  36.50  36.00  33.50  34.00  34.00  39.00  34.50  34.00  34.00  32.50  32.50  32.50  19.50  11.50  14.00  13.00   8.00   7.00   9.00  12.00  13.50  18.50  24.00  35.50
 6.2N  / 39:  53.50  54.00  57.00  59.50  61.50  58.50  53.50  50.00  52.50  45.50  45.00  41.50  35.00  28.00  24.50   6.00   4.50   7.00  11.00  11.00  10.50  12.50  14.50  23.00
 3.8N  / 38:  54.50  55.00  57.00  65.00  66.50  66.00  62.00  65.00  65.00  65.50  64.00  61.50  55.50  49.00  34.50   5.00   6.00   9.00   9.00   9.50   9.00  14.50  19.00  16.00
 1.2N  / 37:  39.50  40.00  42.50  45.00  49.00  57.00  58.50  61.00  67.00  67.50  70.50  73.50  71.50  58.00  14.00   6.00   9.50   8.50   8.50   8.50  11.00  14.50  16.00  17.00
 1.2S  / 36:  28.50  31.00  34.00  36.50  39.50  36.50  38.50  35.00  36.50  36.50  53.00  68.00  70.50  30.50  12.00   7.00  10.00   9.50   8.00   9.00  10.00  12.00  12.50  14.50
 3.8S  / 35:  23.00  30.50  37.50  46.00  48.00  48.00  51.00  50.50  50.00  55.00  48.50  46.00  34.00  12.50  11.00   8.00   9.50   9.00   9.00   8.50   8.00   9.00  13.00  13.00
 6.2S  / 34:  22.00  26.00  33.00  42.50  46.00  47.00  53.50  62.50  66.50  69.50  70.00  65.00  56.00  23.50  13.50   7.50  11.00   8.50   9.00   7.00   7.00   7.50   8.00   9.50
 8.8S  / 33:  28.00  32.00  37.50  41.50  43.50  50.50  58.50  66.00  69.00  73.00  73.00  71.00  67.00  57.00  30.00  11.00   9.00  11.00  10.50  10.00   9.00   7.50   7.00   8.00
 11.2S / 32:  35.50  40.00  48.50  48.50  47.00  52.50  56.50  61.50  64.00  64.00  66.50  64.00  61.00  62.50  22.50  10.00  10.50  11.00  12.00  13.00  11.00  11.50  11.50  10.00
 13.8S / 31:  44.50  52.50  53.50  54.50  55.00  51.50  53.50  54.00  52.50  53.50  54.00  50.50  43.50  47.00  47.00  15.00   9.50   9.00  11.50  16.00  16.00  15.00  13.50  13.00
 16.2S / 30:  45.00  50.50  51.50  55.00  53.00  55.00  54.50  53.50  49.50  44.50  44.50  45.50  45.00  38.00  37.00  35.50  27.00  13.00   9.00  11.00  18.00  16.00  18.00  20.00
 18.8S / 29:  43.00  43.00  45.00  50.00  53.00  53.50  53.50  56.50  51.00  50.50  41.50  37.50  38.50  29.00  31.00  30.50  34.00  19.50   ....   ....  10.00  17.00  26.00  23.50
 21.2S / 28:  34.00  40.50  46.00  47.00  47.50  55.50  58.50  54.00  52.00  48.50  48.50  46.00  40.50  42.00  38.00  26.00  24.50  19.00  15.50  11.00  17.50  27.00  28.50  22.00
