             VARIABLE : Mean low cloud amount (%)
             FILENAME : ISCCPMonthly_avg.nc
             FILEPATH : /usr/local/fer_data/data/
             SUBSET   : 24 by 24 points (LONGITUDE-LATITUDE)
             TIME     : 16-SEP-1997 00:00
              113.8W 111.2W 108.8W 106.2W 103.8W 101.2W 98.8W  96.2W  93.8W  91.2W  88.8W  86.2W  83.8W  81.2W  78.8W  76.2W  73.8W  71.2W  68.8W  66.2W  63.8W  61.2W  58.8W  56.2W  
               27     28     29     30     31     32     33     34     35     36     37     38     39     40     41     42     43     44     45     46     47     48     49     50
 36.2N / 51:  15.50  10.00  10.00   9.00  11.50  19.00  21.50  21.50  15.50  14.50  15.50  15.00  15.50  15.50  16.00  19.50  29.00  26.00  26.00  23.50  23.50  25.50  26.50  26.50
 33.8N / 50:  14.50  14.50  13.00  11.00  16.00  20.50  20.00  20.00  15.50  13.00  12.50  14.50  15.00  15.00  17.00  23.00  22.00  20.00  18.50  18.50  21.50  24.00  25.50  24.50
 31.2N / 49:  15.00  15.00  14.50  14.50  17.00  17.50  17.00  16.50  16.50  11.50  13.50  14.00  16.00  22.00  25.00  25.00  21.50  21.00  20.00  24.50  24.00  26.00  26.00  27.50
 28.8N / 48:  16.50  12.50  12.50  10.00  14.50  16.00  15.50  13.00  17.50  19.00  19.00  19.00  18.00  17.50  25.00  24.50  22.00  25.00  25.00  28.00  29.00  27.00  23.00  23.00
 26.2N / 47:  16.50  14.50   7.50   7.50  11.50  13.50  17.50  19.00  22.50  26.50  27.50  30.50  30.50  21.50  20.50  24.50  25.50  28.00  30.50  27.50  27.50  23.00  23.00  22.00
 23.8N / 46:  17.50  14.50  14.00   8.50   8.50  10.00  15.00  24.50  25.50  27.50  26.00  26.00  22.00  22.50  21.00  24.00  24.00  24.00  27.50  26.50  24.50  22.50  20.00  22.00
 21.2N / 45:  18.50  21.00  24.50  14.50   5.50   9.50  13.50  25.00  21.50  13.50  13.50  13.50  16.50  16.50  17.50  16.50  19.50  21.00  21.00  19.50  17.50  18.00  17.50  19.00
 18.8N / 44:  23.50  23.50  21.00  18.50  11.00   5.50   5.00   8.50  16.00  13.50   9.50  20.00  18.50  20.00  20.00  20.50  16.00  17.50  20.50  20.50  23.00  22.00  23.00  22.50
 16.2N / 43:  29.00  22.50  18.00  17.50  14.50  10.50   5.50   8.00   5.00   7.00   7.00  15.50  15.50  21.00  23.00  21.50  17.00  18.00  20.00  18.50  23.00  25.00  24.50  24.50
 13.8N / 42:  29.50  24.00  19.00  18.00  18.00  16.00  15.50  16.00  15.00   8.50   7.50  11.00  14.00  25.50  25.50  18.00  14.50  18.50  21.00  23.50  24.00  25.50  25.00  22.50
 11.2N / 41:  23.00  20.50  15.50  15.00  14.00  14.50  16.50  15.00  13.00  13.00  15.00  11.00  14.00  21.50  24.00  16.00  13.00  20.00  17.50  21.50  21.50  25.00  25.00  25.00
 8.8N  / 40:  13.50  12.00  11.00  10.00  12.00  13.00  14.00  12.50  13.50  16.50  16.50  17.00  10.50   8.00   9.50   9.50   8.50   9.00  10.50  13.00  16.00  18.50  20.50  22.50
 6.2N  / 39:  14.00  11.50  13.50  14.00  12.00  14.00  15.00  15.50  14.00  15.00  15.50  15.00  13.50  13.50  14.50   3.50   5.50   8.00  12.00  11.50  11.00  12.50  13.50  15.00
 3.8N  / 38:  21.50  21.00  20.00  19.00  17.50  19.00  23.50  23.50  21.50  19.00  18.00  19.00  18.00  18.00  16.00   5.00   9.00  10.50  10.50  10.50  12.00  16.50  19.50  13.50
 1.2N  / 37:  24.00  25.50  27.00  31.00  30.50  32.50  29.50  30.50  28.50  30.00  30.00  34.50  30.50  24.50   8.50   7.50   9.50   9.00  10.50  11.00  12.50  15.50  15.50  14.00
 1.2S  / 36:  25.50  29.00  31.50  31.00  34.50  34.00  31.00  31.00  29.50  30.00  37.00  37.50  36.50  23.00   7.50   8.50   9.50   9.00   9.50  12.00  12.00  16.00  16.00  15.00
 3.8S  / 35:  28.00  31.50  33.00  32.00  33.50  36.50  35.00  36.00  37.50  39.50  43.00  42.00  36.00  22.50  10.50   8.50  10.50  10.50  10.50  11.50  14.00  14.50  17.50  15.50
 6.2S  / 34:  32.50  35.50  35.50  36.00  36.50  38.00  42.00  40.50  47.50  53.50  53.50  53.00  49.00  36.00  19.50  11.00  12.50  12.00  12.50  12.00  13.00  13.00  14.50  14.00
 8.8S  / 33:  41.00  42.00  43.00  42.50  42.00  44.50  48.00  51.50  59.50  61.00  61.00  62.00  59.00  52.00  38.00  11.00  11.50  11.50  13.00  12.50  13.00  14.00  12.50  12.00
 11.2S / 32:  47.50  46.50  48.00  46.50  48.50  50.00  52.00  50.50  55.00  59.00  59.00  63.50  64.00  57.50  29.00   8.00   9.50  11.00  13.50  14.00  11.00  11.00  11.00  11.50
 13.8S / 31:  44.00  46.50  51.00  51.50  43.50  44.00  48.00  51.50  50.50  53.00  57.50  61.00  65.50  65.00  58.00  18.50   8.00   7.00  10.50  13.00  12.00  10.00  14.50  15.50
 16.2S / 30:  46.00  45.50  45.00  46.50  42.50  44.50  47.00  52.50  50.50  51.00  51.00  53.50  62.50  67.50  67.50  53.50  30.00  10.50  10.50   9.50  11.50  14.50  15.00  12.00
 18.8S / 29:  41.00  41.00  40.50  43.50  41.00  38.50  40.00  46.00  47.50  49.00  46.00  49.00  54.50  62.50  67.00  57.00  50.00  17.00   0.50   0.50   8.00  18.50  21.50  15.50
 21.2S / 28:  37.00  37.50  38.00  40.00  41.00  40.50  41.50  45.00  46.00  45.50  45.50  49.50  51.00  54.50  55.00  54.00  49.00  37.00  10.00   4.50  15.50  23.50  22.50  16.00
