             VARIABLE : Mean low cloud amount (%)
             FILENAME : ISCCPMonthly_avg.nc
             FILEPATH : /usr/local/fer_data/data/
             SUBSET   : 24 by 24 points (LONGITUDE-LATITUDE)
             TIME     : 16-AUG-1998 00:00
              113.8W 111.2W 108.8W 106.2W 103.8W 101.2W 98.8W  96.2W  93.8W  91.2W  88.8W  86.2W  83.8W  81.2W  78.8W  76.2W  73.8W  71.2W  68.8W  66.2W  63.8W  61.2W  58.8W  56.2W  
               27     28     29     30     31     32     33     34     35     36     37     38     39     40     41     42     43     44     45     46     47     48     49     50
 36.2N / 51:  22.50  15.00  15.00  11.50  15.00  17.00  17.50  17.50  14.00   9.50  10.50  11.00  14.00  14.00  16.00  15.00  27.00  25.50  25.50  28.50  27.50  29.50  27.00  27.00
 33.8N / 50:  25.50  25.50  15.50  18.00  17.50  20.50  22.00  22.00  17.00  13.00  13.50  15.00  17.00  17.00  16.00  20.50  20.50  25.00  28.50  28.50  28.00  25.50  24.50  21.50
 31.2N / 49:  24.00  24.00  15.50  18.00  19.00  18.00  18.50  18.00  18.00  15.00  16.50  14.00  15.50  20.00  24.00  24.00  22.50  22.00  26.50  27.50  30.00  27.50  27.50  24.50
 28.8N / 48:  20.50  14.00  14.00  10.50  15.50  14.00  13.50  15.50  21.00  24.50  24.50  28.00  22.50  14.00  24.00  20.50  21.00  20.50  20.50  19.00  21.00  22.50  23.50  24.50
 26.2N / 47:  14.00  20.00   9.00   9.00  12.50  14.00  18.00  22.00  29.50  27.50  29.00  28.00  28.00  17.00  18.00  22.50  20.50  19.50  21.00  19.50  19.00  17.00  17.00  18.00
 23.8N / 46:  16.50  17.50  16.00   6.00   6.00  10.50  16.50  21.00  28.50  25.50  25.00  22.50  18.50  17.50  17.50  19.00  19.00  18.00  20.50  19.50  18.50  19.50  20.00  18.00
 21.2N / 45:  22.00  18.50  20.50  14.00   7.00  13.50  12.50  20.50  20.50  14.50  14.50  14.50  18.00  17.50  14.00  15.00  19.50  17.00  21.00  20.50  20.00  21.50  23.00  20.00
 18.8N / 44:  16.50  16.50  18.00  20.00  14.50   6.50   8.00  10.00  16.50  11.50  12.50  19.50  18.50  19.50  18.00  19.50  14.50  12.50  17.50  17.50  22.00  19.50  23.00  24.50
 16.2N / 43:  17.00  17.00  22.00  21.50  22.50  17.50  11.00   9.50   7.00   9.50   9.50  16.50  16.50  20.00  20.00  19.50  17.50  19.50  20.00  18.00  19.00  20.50  21.00  22.00
 13.8N / 42:  19.50  18.50  19.50  20.00  17.50  18.50  21.00  22.00  20.00  13.00   9.00  10.50  14.00  25.00  24.50  23.00  18.50  16.50  16.50  17.50  18.00  20.50  20.50  23.00
 11.2N / 41:  17.00  17.00  16.50  15.00  12.50  14.00  15.00  16.50  18.00  19.50  22.00   9.50  13.50  19.50  24.00  19.00  15.00  19.50  16.50  20.50  18.00  20.00  20.00  21.00
 8.8N  / 40:  19.00  16.00  15.00  18.00  13.00  13.50  11.50  11.00  14.50  15.00  15.00  16.00   8.50   6.50   9.00   9.50   7.50   7.00  10.50  12.00  13.00  13.00  17.50  22.50
 6.2N  / 39:  29.00  27.00  27.50  31.00  30.50  29.50  25.00  23.00  24.00  20.50  15.50  15.50  13.50  12.00  12.00   3.00   5.00   6.00   8.50   8.50   9.00   9.00  11.00  15.50
 3.8N  / 38:  36.00  42.00  46.00  45.00  45.00  47.50  50.50  51.00  47.00  44.50  39.00  36.50  30.50  24.00  14.50   4.50   6.50   7.50   7.50   7.50   8.00  12.00  12.00  10.00
 1.2N  / 37:  29.50  35.50  33.00  34.50  34.50  34.50  34.00  36.50  38.50  40.50  47.00  51.50  48.00  35.50   8.50   5.50   8.50   9.50   9.50   9.50  11.00  12.50  12.50  12.00
 1.2S  / 36:  18.50  21.00  26.00  23.00  19.00  17.50  18.50  20.00  19.50  28.00  28.00  27.00  31.50  25.00   6.50   8.50  10.00  11.50  11.50  11.50  13.00  14.00  14.00  12.50
 3.8S  / 35:  26.00  27.50  29.00  35.00  31.50  31.50  28.00  27.50  33.50  37.00  37.00  31.50  18.50  13.00   7.00   9.00  10.00  11.00  12.50  13.00  14.00  13.50  13.50  13.50
 6.2S  / 34:  23.00  27.50  31.50  34.50  41.50  44.50  47.00  46.50  48.00  52.50  56.00  59.50  47.50  19.00  10.50   8.50   9.50  10.50  11.50  12.00  12.50  12.00  12.50  12.00
 8.8S  / 33:  34.50  40.50  45.00  45.50  47.50  54.00  62.00  63.00  59.50  60.50  60.50  66.00  69.00  61.50  31.50   9.50  10.00   9.50  10.50  11.00  10.50  10.50  10.50   9.50
 11.2S / 32:  38.50  38.50  42.50  45.50  55.50  58.50  60.50  62.00  62.00  62.00  65.00  62.50  66.50  58.50  19.50   9.00  10.00  10.50  10.50  11.50  11.00   9.00   9.00   9.00
 13.8S / 31:  40.00  41.00  40.50  42.00  45.50  51.50  55.50  54.50  59.50  57.50  54.50  48.00  42.00  37.00  38.00  12.00   9.50   9.00  11.50  13.00  10.00  10.00  13.00  13.00
 16.2S / 30:  39.00  41.00  37.50  40.50  46.00  48.50  50.50  51.50  50.50  48.50  48.50  38.50  35.50  25.50  25.50  32.50  16.50   9.50   6.50  10.00  13.50  12.50  13.50  14.00
 18.8S / 29:  39.50  39.50  38.50  40.00  42.00  44.00  50.50  51.50  49.50  49.50  52.00  45.50  44.00  34.00  37.50  27.00  32.50  14.00   7.50   7.50  10.50  17.00  21.50  19.00
 21.2S / 28:  41.00  45.00  44.50  44.00  45.00  49.00  51.50  54.00  54.50  57.00  57.00  58.00  56.50  51.00  46.00  51.50  53.00  33.50  12.00   ....  14.00  19.50  17.00  15.00
