             VARIABLE : Mean low cloud amount (%)
             FILENAME : ISCCPMonthly_avg.nc
             FILEPATH : /usr/local/fer_data/data/
             SUBSET   : 24 by 24 points (LONGITUDE-LATITUDE)
             TIME     : 16-APR-1996 00:00
              113.8W 111.2W 108.8W 106.2W 103.8W 101.2W 98.8W  96.2W  93.8W  91.2W  88.8W  86.2W  83.8W  81.2W  78.8W  76.2W  73.8W  71.2W  68.8W  66.2W  63.8W  61.2W  58.8W  56.2W  
               27     28     29     30     31     32     33     34     35     36     37     38     39     40     41     42     43     44     45     46     47     48     49     50
 36.2N / 51:  31.50  21.50  21.50  18.00  18.50  29.00  30.00  30.00  27.00  25.50  28.50  29.00  25.00  25.00  28.50  35.00  51.50  45.50  45.50  44.00  43.50  36.50  41.00  41.00
 33.8N / 50:  27.00  27.00  20.50  16.50  20.00  29.00  27.50  27.50  24.00  24.00  29.50  28.00  27.00  27.00  26.50  32.50  31.50  29.50  32.50  32.50  30.50  26.50  29.00  33.50
 31.2N / 49:  18.50  18.50  21.00  17.00  21.00  28.00  29.00  27.50  27.50  24.50  26.00  25.00  24.50  29.50  32.50  32.50  26.50  28.50  31.50  28.50  26.50  24.50  24.50  29.00
 28.8N / 48:  18.50  11.00  11.00  15.50  18.50  28.50  32.50  25.50  20.00  22.00  22.00  20.00  19.00  23.50  23.50  24.00  24.00  29.50  29.50  28.50  24.00  23.50  26.00  30.50
 26.2N / 47:  14.50  13.00  14.50  14.50  16.00  22.00  29.50  24.00  23.00  24.50  24.00  22.50  22.50  13.00  17.50  22.50  25.50  27.50  31.00  30.00  25.50  24.50  24.50  27.50
 23.8N / 46:  16.00  10.50  10.50  13.50  13.50  12.50  21.50  24.00  30.00  25.50  23.00  21.50  16.00  16.50  18.00  23.50  23.50  25.50  27.50  25.00  25.00  24.00  27.50  29.50
 21.2N / 45:  28.50  19.00  19.50  18.50  12.50  14.00  23.00  28.50  29.00  23.00  23.00  18.00  18.50  20.00  19.00  21.00  19.50  21.50  22.50  21.50  22.00  27.50  28.50  28.00
 18.8N / 44:  33.50  33.50  29.50  25.50  15.00  16.50  15.50  19.00  26.50  23.50  16.50  20.50  25.50  24.50  19.00  19.00  22.00  23.00  23.00  23.00  25.50  26.50  32.00  27.50
 16.2N / 43:  35.00  28.50  26.50  26.00  20.50  14.00  13.50  18.00  18.50  17.00  17.00  23.00  22.00  22.00  22.50  20.00  19.00  23.50  26.50  27.00  27.50  36.00  34.50  32.50
 13.8N / 42:  33.50  32.00  31.50  32.50  25.00  18.00  16.00  15.50  18.50  16.50  16.50  23.00  18.50  18.50  19.00  20.00  22.50  23.00  24.00  23.50  24.00  31.50  31.50  27.00
 11.2N / 41:  34.50  35.00  30.00  29.50  25.50  25.00  21.50  20.50  19.00  23.00  22.00  21.00  20.50  22.50  31.00  25.50  23.50  24.50  26.00  24.50  26.00  24.00  24.00  26.50
 8.8N  / 40:  27.50  27.50  25.50  26.50  24.00  26.00  23.50  22.00  25.00  24.50  24.50  23.50  18.00  16.00  19.00  15.50  12.50  11.50  18.50  24.50  25.50  21.00  20.50  27.50
 6.2N  / 39:  23.00  25.00  26.50  27.50  26.50  26.50  25.00  25.00  26.50  24.50  23.00  24.50  25.00  23.50  23.00   5.00   7.00  11.50  22.00  20.00  17.50  16.50  18.00  22.00
 3.8N  / 38:  27.00  29.00  31.50  31.50  28.00  26.50  26.50  27.50  28.00  34.50  40.00  39.50  38.00  35.00  22.00   4.50   6.50  12.00  12.00  11.50  12.50  18.50  16.50  16.00
 1.2N  / 37:  19.00  19.00  21.50  19.50  18.50  15.50  17.50  25.00  24.00  26.00  36.50  35.00  31.00  30.00   9.50   4.50   8.00   8.00   7.50   9.00  11.00  11.50  12.00  12.50
 1.2S  / 36:  23.50  22.00  22.50  24.50  23.00  19.00  19.00  20.50  19.00  18.00  25.00  17.00  17.50  18.50   6.50   6.50   6.50   8.00   7.00   7.50   8.00   7.50   8.00   8.50
 3.8S  / 35:  31.00  32.00  36.50  40.00  36.00  31.50  28.50  30.00  33.00  31.50  29.00  17.00  11.50  15.00   7.00   7.50   8.50   9.00   8.00   6.50   6.50   6.50   6.50   6.50
 6.2S  / 34:  29.50  31.50  33.50  38.50  41.50  41.50  42.00  44.50  46.00  45.00  38.50  34.00  23.00  14.50  12.00   6.00   9.00  10.00  10.00   9.00   7.50   6.50   5.50   5.50
 8.8S  / 33:  28.50  31.00  35.50  38.00  36.00  34.50  37.00  42.00  47.00  50.00  50.00  50.00  36.00  24.00  14.50   5.50   8.50  10.00  11.00  11.50  10.50   8.50   8.00   8.00
 11.2S / 32:  31.00  36.00  40.50  42.00  36.50  38.50  39.00  44.50  47.00  47.00  53.00  61.50  45.00  30.50  14.00   5.50   7.50   9.50  11.50  11.50  10.00  10.50  10.50  11.50
 13.8S / 31:  39.50  41.00  43.50  41.00  44.50  46.50  48.50  49.50  50.00  52.50  53.50  52.00  61.00  54.50  29.00  11.50   3.00   5.50  10.00  13.50  14.50  12.00  15.00  16.50
 16.2S / 30:  42.50  47.50  49.00  49.50  49.00  48.00  48.00  46.50  47.50  46.50  46.50  47.50  49.50  57.50  59.00  44.00  28.50  10.50   6.50  10.50  13.50  14.00  14.50  15.00
 18.8S / 29:  41.50  41.50  45.00  46.00  48.50  46.50  45.50  47.50  46.50  49.50  44.50  46.50  42.50  46.00  57.00  62.50  66.00  23.00   ....   ....   9.00  20.00  21.00  14.50
 21.2S / 28:  38.00  38.50  40.00  42.50  43.50  44.50  44.00  43.00  45.00  46.50  46.50  49.00  49.00  44.50  49.50  51.00  51.50  51.50  12.50   5.50  22.50  22.50  15.50  13.50
