             VARIABLE : Mean low cloud amount (%)
             FILENAME : ISCCPMonthly_avg.nc
             FILEPATH : /usr/local/fer_data/data/
             SUBSET   : 24 by 24 points (LONGITUDE-LATITUDE)
             TIME     : 16-OCT-2000 00:00
              113.8W 111.2W 108.8W 106.2W 103.8W 101.2W 98.8W  96.2W  93.8W  91.2W  88.8W  86.2W  83.8W  81.2W  78.8W  76.2W  73.8W  71.2W  68.8W  66.2W  63.8W  61.2W  58.8W  56.2W  
               27     28     29     30     31     32     33     34     35     36     37     38     39     40     41     42     43     44     45     46     47     48     49     50
 36.2N / 51:  24.50  14.00  14.00   7.50  13.00  20.00  23.00  23.00  23.00  24.00  26.00  25.00  24.50  24.50  22.50  23.00  39.00  42.50  42.50  40.50  33.00  30.00  24.50  24.50
 33.8N / 50:  28.00  28.00  13.50  10.00  19.00  23.50  23.00  23.00  21.00  21.50  19.50  17.00  17.50  17.50  23.00  24.50  37.50  36.00  32.50  32.50  29.50  26.50  20.50  21.00
 31.2N / 49:  27.00  27.00  18.00  14.50  19.50  22.50  19.50  18.50  18.50  17.00  14.00  13.50  15.50  25.50  27.00  27.00  25.00  25.50  25.50  25.00  24.50  21.00  21.00  21.00
 28.8N / 48:  24.00  20.50  20.50  10.00  16.00  17.50  19.50  20.00  21.00  17.00  17.00  17.00  19.00  19.00  25.00  28.00  25.00  24.50  24.50  22.50  24.50  23.50  22.50  25.00
 26.2N / 47:  25.50  24.50  12.00  12.00   9.50  13.50  18.50  24.50  25.50  24.50  23.50  23.50  23.50  17.00  21.00  26.00  27.50  26.50  24.50  27.50  27.50  27.00  27.00  28.50
 23.8N / 46:  39.50  25.00  17.50   8.50   8.50   8.50  16.50  25.00  27.00  28.00  28.50  26.50  23.00  20.00  20.50  25.50  25.50  27.50  24.50  23.50  26.00  29.00  30.50  32.50
 21.2N / 45:  50.50  42.00  29.00  19.00   7.50  11.50  17.00  22.50  21.50  18.50  18.50  19.00  23.50  21.50  17.50  20.00  24.00  19.00  21.00  19.50  18.00  25.50  26.50  28.00
 18.8N / 44:  41.00  41.00  27.50  21.50  20.00  12.50  10.50  13.50  18.50  18.00  16.00  26.00  30.50  30.50  23.50  19.50  17.00  14.50  15.50  15.50  19.50  19.50  20.50  25.50
 16.2N / 43:  28.50  20.50  18.50  21.50  24.00  22.50  13.50  14.50  10.50  13.00  13.00  18.50  22.00  25.00  21.50  20.50  19.50  18.00  19.00  19.50  18.50  22.00  21.00  24.00
 13.8N / 42:  24.00  20.50  19.50  21.50  20.00  21.00  19.50  20.00  21.00  13.50  12.50  13.50  14.50  23.50  23.00  23.00  20.50  19.00  20.00  21.00  21.50  25.00  24.00  24.00
 11.2N / 41:  24.00  26.00  24.00  22.00  20.00  19.00  19.00  21.50  24.50  25.00  25.50  12.50  14.50  19.00  24.00  19.00  15.00  17.00  18.50  22.00  20.50  24.00  24.00  25.50
 8.8N  / 40:  25.50  25.00  23.50  24.50  26.50  28.50  26.00  27.00  27.50  28.00  28.00  24.00  15.50  11.00  13.50  10.00   8.00   7.00  10.50  12.50  15.50  15.00  22.50  29.00
 6.2N  / 39:  48.00  44.50  42.50  42.00  41.50  42.50  43.00  44.50  40.50  37.00  35.00  30.00  25.00  23.00  20.00   3.50   5.50   8.50  10.50   9.00  10.00  12.50  16.00  21.00
 3.8N  / 38:  60.00  61.50  66.00  65.50  64.00  64.50  64.00  66.00  65.00  61.50  56.00  54.50  50.50  42.00  22.50   4.00   6.00   8.50   8.50   8.00   9.00  18.00  15.50  13.00
 1.2N  / 37:  42.50  46.00  51.00  56.50  62.50  59.00  59.50  58.50  58.50  56.00  59.00  56.50  56.50  49.50  13.50   7.00   9.50   8.50   9.00   9.00  11.00  12.50  12.00  12.50
 1.2S  / 36:  40.00  43.00  42.00  46.50  50.50  42.00  41.50  40.50  39.50  41.50  46.50  41.00  36.00  31.50   9.50   9.50  10.50   9.50   9.50   9.00  10.00  10.50  12.50  14.50
 3.8S  / 35:  40.00  47.00  51.50  56.00  61.00  58.50  54.00  56.50  58.50  64.00  52.00  40.50  23.00  22.00   8.00  11.00  12.00   9.00   8.00   8.00   9.00  10.00  11.00  13.00
 6.2S  / 34:  34.50  42.00  49.00  59.50  65.00  66.00  67.00  70.50  72.50  75.50  69.00  63.00  56.00  22.50  11.50   9.00  10.50   9.50   8.50   8.00   8.00   8.50   8.00   8.50
 8.8S  / 33:  39.00  47.50  56.50  63.00  69.00  67.50  68.00  69.00  72.50  73.50  73.50  75.00  73.50  61.00  22.00   8.00   9.50   9.00   9.00   9.00   8.50   8.50   8.50   8.00
 11.2S / 32:  40.50  45.50  50.50  56.00  63.50  67.50  67.50  68.00  67.50  70.00  72.50  73.00  72.50  55.00  20.00   6.00   8.00   9.50  10.00  10.00  10.00  10.50  10.50  11.50
 13.8S / 31:  37.50  43.00  47.00  50.00  56.50  63.50  66.00  68.00  71.00  73.50  71.50  67.00  61.00  52.50  48.50  11.00   7.00   6.50  10.00  13.00  11.50  12.00  15.00  15.50
 16.2S / 30:  35.00  45.00  48.00  48.00  50.50  53.50  56.00  57.50  62.50  61.00  61.00  54.00  46.00  38.00  38.50  39.50  19.00  10.00   7.00   8.50  13.00  15.50  17.00  17.50
 18.8S / 29:  32.50  32.50  40.00  46.00  49.00  49.50  56.50  57.50  58.50  53.50  55.00  51.50  43.50  35.50  26.00  17.50  19.50  16.50  11.00  11.00  11.00  17.00  18.00  17.00
 21.2S / 28:  36.00  37.50  43.50  46.50  47.00  51.50  51.00  54.50  51.00  45.50  45.50  46.50  40.50  37.00  33.00  31.00  22.50  16.50  15.00   ....  22.00  22.50  17.50  15.50
