             VARIABLE : Mean middle cloud amount (%)
             FILENAME : ISCCPMonthly_avg.nc
             FILEPATH : /usr/local/fer_data/data/
             SUBSET   : 24 by 24 points (LONGITUDE-LATITUDE)
             TIME     : 16-JAN-2000 00:00
              113.8W 111.2W 108.8W 106.2W 103.8W 101.2W 98.8W  96.2W  93.8W  91.2W  88.8W  86.2W  83.8W  81.2W  78.8W  76.2W  73.8W  71.2W  68.8W  66.2W  63.8W  61.2W  58.8W  56.2W  
               27     28     29     30     31     32     33     34     35     36     37     38     39     40     41     42     43     44     45     46     47     48     49     50
 36.2N / 51:  28.00  26.00  26.00  21.50  29.50  32.00  35.50  35.50  34.00  31.50  31.50  35.50  36.00  36.00  29.00  21.50  30.50  35.00  35.00  30.50  31.50  26.50  24.00  24.00
 33.8N / 50:  24.00  24.00  21.50  21.00  26.50  33.50  34.00  34.00  30.00  28.00  30.00  31.50  31.00  31.00  26.00  19.00  28.50  32.50  31.00  31.00  23.50  21.00  17.50  17.00
 31.2N / 49:  19.00  19.00  17.00  21.50  27.00  29.00  31.50  29.00  29.00  26.50  28.00  26.50  24.50  19.50  22.00  22.00  24.00  22.00  21.00  19.00  17.00  16.00  16.00  15.50
 28.8N / 48:  14.50  12.50  12.50  13.00  20.50  22.50  21.50  18.50  15.50  12.50  12.50  10.00  11.00  14.50  16.00  14.00  13.50  11.00  11.00  11.00  10.50  12.00  11.00   8.00
 26.2N / 47:  10.50   8.00  11.50  11.50  14.00  14.50  15.00  10.00  11.00   9.00   7.00   7.50   7.50   7.00   6.00   7.00   7.50   8.50  10.50  10.50   8.50   6.50   6.50   4.50
 23.8N / 46:   8.00   9.00  11.00  12.50  12.50   8.50  11.00   4.50   5.50   4.00   2.00   2.50   3.00   3.50   3.50   3.50   3.50   7.00   9.50   9.50   5.50   3.00   2.00   1.50
 21.2N / 45:  12.50  13.00   8.50   5.00   5.50   6.00   9.00   4.50   3.00   2.50   2.50   2.50   2.50   2.50   3.00   3.00   4.50   4.50   4.00   2.00   1.50   1.00   1.00   1.50
 18.8N / 44:  10.50  10.50   6.00   3.50   2.00   3.00   7.00  11.00   6.00   4.00   5.00   3.00   3.00   4.00   4.00   3.00   4.00   5.50   2.50   2.50   2.00   1.50   3.50   4.00
 16.2N / 43:   7.50   4.50   2.50   1.50   0.00   0.00   1.50   6.00  10.50  16.50  16.50  12.00   7.00   4.50   3.50   4.50   5.00   3.50   3.50   4.00   5.50   8.00   8.00   9.00
 13.8N / 42:   7.50   4.50   3.00   3.00   1.00   0.00   0.00   0.00   0.50   5.00   7.00  10.50  12.00   8.50   4.50   4.00   5.50   8.00  10.50  11.00  11.00   9.00   8.00   7.00
 11.2N / 41:   9.00   6.00   3.50   2.50   0.50   0.00   0.00   0.50   1.50   2.50   4.00  10.50  21.00   6.50   2.00   3.50  13.00  15.00  17.00  13.00  10.50   8.50   8.50   6.50
 8.8N  / 40:  10.00  11.00  10.00   7.00   6.50   6.00   3.50   2.50   2.00   3.50   3.50   5.00  12.00  24.50  10.50  11.50  10.00  26.00  20.50  12.50  12.50  21.00  20.50  18.00
 6.2N  / 39:  13.50  16.50  19.00  20.50  20.50  17.50  16.00  13.00  11.50  14.00  17.00  19.50  20.50  18.00  22.00  35.00  30.00  27.50  11.50  15.50  22.50  28.50  33.00  30.00
 3.8N  / 38:   8.00  11.00  11.50  15.50  19.50  22.00  24.00  30.00  34.50  36.00  34.50  31.50  30.50  33.50  36.50  43.50  37.00  17.00  20.00  24.00  31.00  32.00  29.00  30.00
 1.2N  / 37:   2.50   6.00   5.50   6.00   8.00  10.50  17.50  22.00  29.50  31.00  29.50  26.50  28.50  38.00  42.50  41.50  25.00  24.50  28.00  30.00  30.00  30.00  29.50  31.50
 1.2S  / 36:   1.00   1.50   1.50   3.00   4.50   7.00  11.00  14.50  17.50  21.00  23.00  17.00  19.50  30.50  40.50  32.00  28.00  30.00  31.50  32.50  32.50  31.00  31.50  30.00
 3.8S  / 35:   1.00   1.00   1.50   1.00   2.00   3.50   5.00   5.50   5.50   7.50   8.50   9.50  16.00  27.50  38.50  32.50  30.00  31.50  32.00  29.00  32.00  30.50  31.00  31.00
 6.2S  / 34:   1.00   1.00   0.50   0.50   0.00   0.50   1.00   1.50   2.50   4.50   6.50   6.50  11.00  19.00  35.50  37.50  33.00  32.00  31.50  28.50  29.50  27.00  31.00  33.00
 8.8S  / 33:   1.00   0.50   0.00   0.00   0.00   0.00   0.00   0.50   1.50   3.00   3.00   6.00   7.50  13.50  22.00  35.00  31.50  32.50  32.00  30.50  29.50  29.00  32.00  31.00
 11.2S / 32:   3.00   1.50   0.50   1.00   0.50   0.50   0.50   1.00   1.50   2.50   6.00   8.50  11.50  14.00  29.00  27.50  26.00  32.00  32.50  33.00  30.00  29.50  29.50  26.50
 13.8S / 31:   4.00   3.50   3.50   3.00   2.00   1.00   1.50   3.00   3.00   5.50   7.50  12.00  12.00  11.00  18.00  31.50  25.50  22.00  27.50  27.00  29.50  29.50  31.00  30.50
 16.2S / 30:   4.00   6.50   6.00   5.50   5.50   4.00   4.50   5.00   8.00  13.00  13.00  15.00  19.50  23.00  17.00  18.50  28.00  26.00  25.50  29.50  27.00  27.50  29.50  29.00
 18.8S / 29:   6.00   6.00   6.00   6.50   8.00   7.00   7.00   7.00  10.50  13.00  17.50  23.00  27.00  34.00  28.00  24.00  27.50  26.50  22.00  22.00  29.50  22.00  21.50  21.50
 21.2S / 28:   7.50   7.50   4.50   6.00   8.50   7.00   5.00   7.00  10.00  13.00  13.00  17.50  23.50  32.50  39.00  37.00  31.00  23.50  24.00  33.00  25.50  16.50  16.50  19.50
