             VARIABLE : Mean low cloud amount (%)
             FILENAME : ISCCPMonthly_avg.nc
             FILEPATH : /usr/local/fer_data/data/
             SUBSET   : 24 by 24 points (LONGITUDE-LATITUDE)
             TIME     : 16-DEC-2000 00:00
              113.8W 111.2W 108.8W 106.2W 103.8W 101.2W 98.8W  96.2W  93.8W  91.2W  88.8W  86.2W  83.8W  81.2W  78.8W  76.2W  73.8W  71.2W  68.8W  66.2W  63.8W  61.2W  58.8W  56.2W  
               27     28     29     30     31     32     33     34     35     36     37     38     39     40     41     42     43     44     45     46     47     48     49     50
 36.2N / 51:   7.50   4.00   4.00   2.50   6.00   9.50  10.00  10.00  12.00  14.00  12.00  12.50  13.50  13.50  10.00  27.00  44.50  36.00  36.00  36.50  32.00  40.00  38.50  38.50
 33.8N / 50:   8.00   8.00   5.00   4.50   6.50   8.50  11.50  11.50  14.00  14.50  17.00  19.50  18.00  18.00  19.00  44.50  47.50  39.50  34.50  34.50  34.50  33.00  32.00  32.00
 31.2N / 49:  13.00  13.00   5.50   5.00   7.50   9.50  16.50  20.50  20.50  18.00  23.00  23.50  19.00  44.50  48.50  48.50  35.00  38.00  32.50  29.00  24.00  25.00  25.00  27.00
 28.8N / 48:  15.00  10.00  10.00   4.50   5.50  10.50  20.00  32.00  34.50  37.50  37.50  43.50  33.00  31.50  45.00  38.00  30.50  25.00  25.00  22.00  22.50  23.50  27.50  31.50
 26.2N / 47:  19.50  18.00   8.50   8.50   4.50   5.50  16.00  36.00  41.00  39.50  46.50  44.00  44.00  26.50  30.00  34.00  28.50  27.00  27.00  25.50  27.00  29.50  29.50  30.50
 23.8N / 46:  21.00  20.00  16.50   8.50   8.50   5.00  11.00  30.00  34.50  34.00  39.00  40.00  34.00  29.50  25.00  26.50  26.50  28.50  29.00  28.50  28.00  27.50  29.50  27.50
 21.2N / 45:  25.00  21.00  19.50  15.00   6.00   5.50  14.50  29.00  28.00  20.00  20.00  25.50  34.00  30.50  20.50  18.00  22.50  26.00  28.50  27.00  26.00  25.00  30.50  31.00
 18.8N / 44:  22.50  22.50  21.00  19.00  14.00  13.00  10.50  12.50  25.50  22.00  19.50  35.50  35.00  27.50  20.00  20.50  22.00  25.00  27.00  27.00  31.00  24.00  24.50  28.50
 16.2N / 43:  21.00  16.50  15.50  16.00  18.00  18.00  12.00  19.50  15.50  17.00  17.00  33.50  31.00  25.50  25.00  28.50  29.50  30.50  33.00  29.50  26.00  29.50  28.00  28.50
 13.8N / 42:  22.00  18.00  16.50  18.50  22.00  21.00  19.00  21.00  18.50  15.00  17.00  21.00  22.00  31.00  27.50  30.00  32.00  30.00  30.50  26.50  27.00  29.00  26.00  25.00
 11.2N / 41:  22.50  22.00  17.50  18.00  20.50  16.50  16.50  17.00  18.00  19.00  17.50  18.50  27.00  27.00  24.50  22.00  18.00  21.50  21.50  23.00  24.50  27.00  27.00  24.50
 8.8N  / 40:  22.00  22.00  20.00  21.00  22.00  23.50  22.50  20.50  19.00  18.00  18.00  18.50  19.50  18.50  17.00  13.50  13.00  11.50  15.00  19.50  22.50  20.00  24.50  27.50
 6.2N  / 39:  39.50  38.50  36.50  35.00  36.50  38.50  34.50  34.00  33.50  35.00  36.00  33.50  33.50  29.00  26.00   5.50   6.50  10.50  14.00  14.50  16.50  15.00  15.00  21.50
 3.8N  / 38:  58.50  62.00  65.00  66.00  65.00  66.50  61.50  59.00  55.50  52.50  53.00  46.50  42.50  37.00  28.00   4.50   8.50  13.00  13.00  13.00  14.50  19.50  21.00  15.00
 1.2N  / 37:  54.00  54.00  55.50  57.50  57.00  54.00  49.00  47.50  48.00  49.00  47.00  48.50  45.00  40.00  13.00   6.50  11.50  11.50  13.50  13.00  15.50  16.50  15.50  15.50
 1.2S  / 36:  54.50  56.00  49.50  49.50  47.00  44.50  39.50  32.50  34.50  39.50  39.00  34.00  34.00  25.00  12.00   9.00  12.50  11.50  12.00  11.00  13.50  14.50  14.50  15.50
 3.8S  / 35:  51.50  53.50  54.00  52.00  52.50  50.00  45.00  42.50  41.00  45.50  47.00  39.00  24.50  18.00   8.00   9.00  10.00  10.00  10.00   9.00  10.00  11.00  12.00  12.50
 6.2S  / 34:  36.50  45.00  51.50  53.50  52.50  54.50  52.00  51.50  51.50  48.50  50.50  47.50  38.00  21.50  12.00   7.00   9.00   8.00   7.50   7.00   7.00   7.00   7.50   7.50
 8.8S  / 33:  41.50  47.00  52.50  55.50  55.50  56.00  52.50  52.50  49.50  52.00  52.00  53.00  50.00  44.00  22.50   7.50   8.00   8.00   8.00   7.00   7.00   6.00   6.00   7.50
 11.2S / 32:  37.00  42.50  49.50  57.00  57.50  55.50  54.00  53.00  55.00  62.00  58.00  60.00  55.50  44.50  18.50   5.00   7.00   7.00   8.50   9.00   7.00   7.00   7.00   6.50
 13.8S / 31:  31.50  39.50  50.00  54.00  54.50  54.50  57.00  61.00  59.50  60.00  61.00  53.00  55.50  50.50  39.00  12.50   6.00   4.00   6.00   9.00   9.00   8.00   8.00   6.50
 16.2S / 30:  40.00  39.50  49.00  53.00  49.00  50.50  58.00  62.50  68.00  55.00  55.00  52.50  40.50  44.50  43.50  37.00  22.00   9.50   ....   6.00  10.00  10.50  12.00  11.50
 18.8S / 29:  34.50  34.50  39.00  47.50  52.00  49.00  51.50  56.50  58.00  57.50  53.00  51.50  40.50  32.00  35.00  36.00  34.50  17.50  11.50  11.50   8.50  12.00  13.00  14.50
 21.2S / 28:  30.00  32.50  33.50  38.50  42.50  47.00  52.50  56.50  55.00  48.00  48.00  42.50  50.00  45.00  34.50  33.50  32.00  31.00  17.00   ....  12.00  16.50  14.00  14.50
