             VARIABLE : Mean high cloud amount (%)
             FILENAME : ISCCPMonthly_avg.nc
             FILEPATH : /usr/local/fer_data/data/
             SUBSET   : 24 by 24 points (LONGITUDE-LATITUDE)
             TIME     : 16-APR-2000 00:00
              113.8W 111.2W 108.8W 106.2W 103.8W 101.2W 98.8W  96.2W  93.8W  91.2W  88.8W  86.2W  83.8W  81.2W  78.8W  76.2W  73.8W  71.2W  68.8W  66.2W  63.8W  61.2W  58.8W  56.2W  
               27     28     29     30     31     32     33     34     35     36     37     38     39     40     41     42     43     44     45     46     47     48     49     50
 36.2N / 51:   4.00   6.00   6.00  10.50  12.00  14.00  16.50  16.50  18.00  16.00  18.00  19.00  17.50  17.50  16.50  17.00  19.50  16.00  16.00  16.50  17.50  17.00  19.00  19.00
 33.8N / 50:   2.50   2.50   5.00   8.00   7.00  11.50  18.50  18.50  19.50  19.00  19.50  15.50  12.00  12.00  13.00  15.00  15.50  13.00  13.00  13.00  14.00  14.50  15.00  12.00
 31.2N / 49:   3.50   3.50   4.00   6.50  10.50  13.50  16.50  16.00  16.00  13.50  13.00   9.50   7.50   8.00  12.50  12.50  11.50   8.50  10.50  11.50  11.50  11.50  11.50   9.50
 28.8N / 48:   5.50   5.50   5.50   9.50  14.00  17.00  16.00  11.50   6.00   4.50   4.50   3.00   4.00   6.00   9.50   9.50   6.00   7.00   7.00   7.00   8.00  11.00   8.50   4.50
 26.2N / 47:   8.50   9.50   9.50   9.50  13.50  17.50  11.50   6.50   4.50   2.50   2.50   3.50   3.50   4.50   7.50   7.50   7.50   5.50   5.00   7.00   8.50   9.00   9.00   6.00
 23.8N / 46:  12.00   9.50  10.00   9.50   9.50  12.50  10.50   6.00   2.50   2.00   2.50   3.00   4.50   5.50   6.50   5.50   5.50   2.50   2.00   1.50   2.50   6.00   6.50   4.50
 21.2N / 45:  13.50  13.50  11.50   5.50   4.50   6.00   6.00   4.00   2.00   1.50   1.50   2.50   3.00   3.00   3.00   3.00   1.00   0.50   1.00   0.50   1.50   3.50   5.50   4.00
 18.8N / 44:  12.50  12.50   7.50   4.00   3.00   2.00   3.00   4.00   2.00   1.50   2.50   2.00   1.00   0.50   0.50   0.50   1.50   1.00   0.50   0.50   1.00   2.00   4.00   2.50
 16.2N / 43:   9.50   6.50   4.00   2.50   1.00   1.00   1.50   2.00   3.00   4.00   4.00   2.00   1.00   1.00   1.00   1.50   1.00   1.50   2.00   3.00   2.50   2.50   3.00   2.00
 13.8N / 42:   7.00   5.50   4.00   2.50   1.50   1.00   0.50   0.50   1.00   3.00   4.50   2.00   3.00   3.00   2.50   3.00   4.50   5.00   5.50   3.50   3.00   3.00   2.00   2.50
 11.2N / 41:  12.00  10.00   8.00   4.50   4.50   2.50   2.50   3.00   2.00   2.50   3.00   7.00  11.50   7.00   5.50  12.50  20.50  13.00   5.00   3.50   2.50   2.00   2.00   2.00
 8.8N  / 40:  27.00  21.50  14.50   8.50   7.50   6.00   6.00   6.50   9.00  10.00  10.00  13.00  25.00  24.00  11.00  23.00  29.50  22.50  14.00   7.50   6.50   5.50   7.00   6.50
 6.2N  / 39:  29.00  18.50  12.00  10.00  11.50  10.50  10.50  14.00  22.00  25.00  28.50  29.00  31.00  18.50  20.50  44.50  37.00  25.00  24.50  21.00  19.50  19.50  19.00  21.00
 3.8N  / 38:  19.00  12.00  11.50   9.00  10.50  15.00  14.00  14.00  14.50  16.00  21.50  21.00  13.00  10.50  22.00  37.50  37.00  38.50  39.50  36.00  31.00  28.00  33.50  36.00
 1.2N  / 37:   4.50   5.00   7.00   6.50   8.50  10.50  10.50   5.00   2.50   1.50   2.00   1.50   2.00   9.50  30.00  37.50  42.00  44.50  42.00  38.00  34.50  36.00  42.00  45.50
 1.2S  / 36:   7.00   5.50   8.00  10.00  13.50  17.00  14.50  11.00   6.50   4.00   5.50   2.50   3.00  13.00  31.00  34.50  37.00  37.50  37.00  34.50  36.50  42.00  42.00  45.00
 3.8S  / 35:  12.50  10.00  11.50  15.50  16.50  12.50  14.00  20.00  16.00  15.50  13.50   4.50   3.00  13.00  30.00  35.00  38.50  36.50  36.50  36.00  35.00  36.50  37.50  38.00
 6.2S  / 34:  11.00  10.00   7.00   6.00   7.50  11.00   9.00  13.50  18.00  14.50  12.00   5.50   2.00   6.50  20.50  34.50  38.50  39.50  37.50  38.00  37.00  35.00  34.50  30.50
 8.8S  / 33:   5.00   5.50   5.50   4.00   4.00   3.50   3.50   9.50   9.50   7.50   7.50   4.00   2.50   3.50   8.50  31.50  39.50  37.50  35.50  38.00  37.50  32.00  30.50  31.00
 11.2S / 32:   2.00   2.50   4.00   1.50   0.50   1.00   1.50   3.50   4.50   2.50   1.00   1.50   3.00   2.50  10.50  34.00  35.00  26.50  27.00  31.00  30.50  27.00  27.00  26.00
 13.8S / 31:   2.00   0.50   1.00   1.50   0.50   0.00   0.00   0.50   2.00   1.50   1.00   1.50   2.50   2.00   1.50  10.00  28.00  31.00  19.50  16.50  17.00  22.00  23.00  18.50
 16.2S / 30:   2.50   1.00   0.50   0.50   0.50   0.50   0.50   0.50   1.50   1.00   1.00   1.00   2.00   2.50   1.50   2.00   5.50  11.00  15.00  13.50  14.50  11.50  13.00  16.50
 18.8S / 29:   2.50   2.50   2.00   1.50   1.00   0.50   1.00   0.50   0.50   0.50   1.00   0.50   1.00   2.00   1.50   1.00   1.00   2.50   5.50   5.50   8.00   7.50   7.00  11.00
 21.2S / 28:   1.00   1.50   2.50   3.00   1.00   0.00   1.00   1.00   0.50   0.00   0.00   0.50   0.00   0.50   0.50   1.50   0.00   0.00   1.50   2.50   4.00   6.50  11.00  10.50
