             VARIABLE : Mean low cloud amount (%)
             FILENAME : ISCCPMonthly_avg.nc
             FILEPATH : /usr/local/fer_data/data/
             SUBSET   : 24 by 24 points (LONGITUDE-LATITUDE)
             TIME     : 16-MAR-1999 00:00
              113.8W 111.2W 108.8W 106.2W 103.8W 101.2W 98.8W  96.2W  93.8W  91.2W  88.8W  86.2W  83.8W  81.2W  78.8W  76.2W  73.8W  71.2W  68.8W  66.2W  63.8W  61.2W  58.8W  56.2W  
               27     28     29     30     31     32     33     34     35     36     37     38     39     40     41     42     43     44     45     46     47     48     49     50
 36.2N / 51:  19.50  11.50  11.50  10.00  13.50  19.00  23.50  23.50  20.00  17.00  13.50  14.00  17.50  17.50  21.50  37.50  53.50  44.00  44.00  47.00  47.00  47.00  43.00  43.00
 33.8N / 50:  21.00  21.00  13.50  11.00  18.00  31.00  26.50  26.50  20.50  21.00  16.50  15.50  20.50  20.50  26.50  37.50  43.50  39.00  42.00  42.00  47.50  44.50  38.50  36.50
 31.2N / 49:  23.50  23.50  17.00  15.50  18.00  26.00  25.00  24.00  24.00  22.50  20.50  21.00  21.00  30.00  37.50  37.50  38.00  39.00  41.50  43.00  43.50  40.00  40.00  34.50
 28.8N / 48:  22.50  20.00  20.00  12.00  14.00  24.00  32.50  28.50  30.00  25.00  25.00  23.50  18.00  25.00  33.00  33.00  34.00  36.00  36.00  39.50  36.50  37.00  33.00  31.50
 26.2N / 47:  23.00  22.00  15.50  15.50  10.50  14.50  32.00  26.00  25.00  22.50  31.50  28.50  28.50  17.00  28.50  31.00  26.50  27.00  31.00  33.00  35.50  32.50  32.50  31.00
 23.8N / 46:  34.50  20.50  14.00  11.00  11.00   7.50  17.50  23.00  21.50  19.00  21.00  22.50  20.50  20.50  18.00  22.00  22.00  22.50  25.50  31.00  29.50  27.00  26.00  25.00
 21.2N / 45:  45.50  28.00  18.50  14.50   9.50   9.50  22.50  22.50  17.50  15.50  15.50  16.00  15.00  15.50  16.50  22.00  22.00  26.00  27.00  26.50  22.00  19.50  20.50  24.00
 18.8N / 44:  43.00  43.00  29.00  20.00  14.50  13.50  13.00  17.00  18.50  16.00  14.00  17.50  18.50  16.00  16.00  18.00  25.50  24.00  22.00  22.00  21.00  21.50  23.00  28.00
 16.2N / 43:  42.00  31.00  23.50  18.00  14.00  10.00  11.00  15.50  17.00  19.50  19.50  18.00  20.50  18.00  21.00  21.50  21.50  21.00  21.50  24.50  27.00  33.00  31.50  30.50
 13.8N / 42:  33.00  26.50  20.50  16.50  13.00   9.50   7.00   8.50  11.00  12.00  17.00  26.00  22.50  23.00  21.50  18.50  18.50  24.50  28.00  27.00  29.50  33.50  30.50  32.00
 11.2N / 41:  26.00  26.00  23.00  18.00  12.00   8.00   8.00   8.00   9.00  12.00  13.00  20.50  24.50  23.50  27.00  22.00  22.50  26.00  25.00  27.00  26.50  29.50  29.50  30.50
 8.8N  / 40:  23.50  25.00  22.00  15.00  12.50  11.00   9.50  11.00  11.00  13.00  13.00  17.00  15.00  21.50  24.00  16.50  13.50  11.50  15.50  23.50  23.50  21.00  24.00  28.00
 6.2N  / 39:  22.50  20.50  19.00  19.00  19.00  18.50  19.50  16.50  21.50  23.00  22.00  22.00  22.50  24.00  22.00   5.50   6.50  10.50  17.50  21.00  16.50  17.00  16.50  20.00
 3.8N  / 38:  13.00  12.00  14.50  17.00  18.50  21.00  22.50  22.00  23.00  21.50  19.50  19.00  20.50  24.00  19.00   3.50   8.50  13.00  12.50  12.00  12.50  14.50  15.00  12.00
 1.2N  / 37:  11.00  10.50  12.50  15.50  15.00  17.00  17.50  16.50  16.00  19.50  19.00  20.00  21.00  19.50   5.50   4.50  10.00   9.00   7.50   8.00  11.00  11.50   8.50   8.00
 1.2S  / 36:  20.00  20.00  21.00  22.00  23.50  23.50  20.50  22.50  20.00  27.00  26.50  22.00  21.50  15.50   3.00   5.50   9.50   8.00   6.00   7.50   7.50   6.00   5.00   5.00
 3.8S  / 35:  24.50  24.50  25.50  28.00  30.50  33.50  29.50  28.50  28.50  28.00  29.00  29.00  24.00  18.50   2.50   6.00   8.00   5.50   4.50   5.50   6.00   5.00   3.50   3.00
 6.2S  / 34:  25.00  29.00  28.50  28.50  28.50  31.50  30.50  32.00  34.00  31.50  34.50  40.00  30.00  21.50  10.00   3.50   7.00   5.50   4.00   4.50   5.50   4.00   6.00   5.00
 8.8S  / 33:  35.00  35.00  35.00  34.50  33.00  40.50  45.50  43.00  41.00  45.00  45.00  48.50  44.00  29.50  19.00   4.50   4.50   5.00   4.00   5.00   5.50   6.50   5.50   5.50
 11.2S / 32:  39.00  42.50  41.00  38.00  38.50  36.00  40.50  45.50  44.50  43.50  47.00  46.00  40.00  28.00  13.50   1.00   2.00   3.00   6.00   5.50   6.00   6.00   6.00   5.50
 13.8S / 31:  38.00  38.50  42.50  40.00  36.50  32.50  38.50  39.50  40.50  42.50  44.50  46.00  48.50  45.50  28.00  12.50   2.00   1.00   3.50   6.00   5.00   6.00   6.50   8.00
 16.2S / 30:  42.00  43.00  42.00  38.00  33.50  30.50  35.00  36.50  34.00  33.00  33.00  33.00  35.50  42.00  50.00  44.50  27.00   8.50   ....   2.50   7.50   7.50   6.50   8.00
 18.8S / 29:  47.50  47.50  44.00  42.50  36.50  36.00  34.00  31.50  29.00  29.50  27.50  28.50  30.00  32.50  40.00  47.00  43.50  16.00   4.50   4.50   4.50  12.00  11.50  10.50
 21.2S / 28:  43.50  45.00  44.50  41.00  37.50  37.00  36.00  35.50  29.50  29.00  29.00  28.00  24.50  22.50  21.00  26.00  46.00  40.50  11.00   ....  10.50  13.50  12.50  12.50
