             VARIABLE : Mean low cloud amount (%)
             FILENAME : ISCCPMonthly_avg.nc
             FILEPATH : /usr/local/fer_data/data/
             SUBSET   : 24 by 24 points (LONGITUDE-LATITUDE)
             TIME     : 16-MAR-1997 00:00
              113.8W 111.2W 108.8W 106.2W 103.8W 101.2W 98.8W  96.2W  93.8W  91.2W  88.8W  86.2W  83.8W  81.2W  78.8W  76.2W  73.8W  71.2W  68.8W  66.2W  63.8W  61.2W  58.8W  56.2W  
               27     28     29     30     31     32     33     34     35     36     37     38     39     40     41     42     43     44     45     46     47     48     49     50
 36.2N / 51:  21.00  15.50  15.50  16.00  18.00  23.50  29.00  29.00  30.00  28.50  25.00  24.50  20.00  20.00  23.50  33.50  47.50  42.00  42.00  37.00  39.50  41.00  40.50  40.50
 33.8N / 50:  23.50  23.50  18.00  14.50  19.00  26.50  28.50  28.50  25.50  25.50  27.00  28.00  22.00  22.00  24.50  31.50  37.00  34.50  34.00  34.00  37.50  38.00  38.50  40.50
 31.2N / 49:  26.50  26.50  18.50  15.00  18.50  20.50  23.00  24.50  24.50  25.50  23.00  21.00  20.00  29.50  34.50  34.50  33.50  28.50  29.00  34.00  36.50  37.00  37.00  37.00
 28.8N / 48:  25.50  20.00  20.00  16.50  14.50  20.00  26.00  22.50  23.50  22.50  22.50  21.00  17.00  23.00  33.00  27.50  28.50  29.00  29.00  29.50  32.50  34.50  36.00  36.00
 26.2N / 47:  24.00  21.00  14.50  14.50  12.50  15.00  25.50  25.00  28.00  28.00  25.00  24.00  24.00  17.50  24.00  25.00  27.00  28.00  32.50  36.00  36.50  36.00  36.00  34.50
 23.8N / 46:  25.50  17.00  14.50  11.00  11.00   9.00  19.00  26.50  26.00  22.50  22.50  24.00  19.50  18.50  17.50  22.00  22.00  24.50  29.00  33.50  35.50  32.50  28.00  26.00
 21.2N / 45:  27.00  20.50  17.00  15.00  11.50  13.00  22.50  28.00  23.00  18.50  18.50  17.00  17.00  15.50  18.00  20.50  22.00  22.00  23.00  23.00  23.00  28.00  31.50  31.00
 18.8N / 44:  26.00  26.00  22.00  20.50  18.00  17.00  16.00  18.00  23.50  16.50  15.50  17.50  18.50  20.50  20.50  21.50  21.00  24.50  24.50  24.50  29.50  27.50  29.00  28.50
 16.2N / 43:  31.50  27.50  23.50  21.50  22.50  16.00  13.50  18.00  21.00  17.50  17.50  18.00  17.50  15.50  15.00  13.00  12.50  16.00  18.50  21.50  25.00  31.00  30.00  31.50
 13.8N / 42:  32.00  29.00  23.50  20.00  20.50  18.00  19.50  23.00  19.00  15.50  17.50  25.50  20.50  19.50  14.50   8.50  11.50  18.00  19.50  21.50  24.00  31.50  29.50  29.50
 11.2N / 41:  28.50  25.50  19.50  14.50  17.50  17.00  17.00  16.00  13.00  11.50   8.50  19.50  25.50  23.50  24.00  13.00  22.00  25.50  22.50  25.50  32.50  34.50  34.50  34.50
 8.8N  / 40:  23.50  21.50  18.50  17.50  14.00  11.00  11.00  10.50  11.00  10.50  10.50  17.50  16.50  22.00  23.50  20.50  17.00  17.00  17.50  22.50  26.50  26.00  30.00  37.00
 6.2N  / 39:  22.50  21.50  20.50  16.50  15.00  14.50  16.50  17.00  20.00  23.00  22.00  25.00  28.00  22.50  28.00  10.00  10.00  14.50  21.50  23.00  21.00  20.00  21.50  27.50
 3.8N  / 38:  24.00  21.50  21.00  21.50  21.00  23.00  24.00  25.50  25.00  23.50  24.50  26.00  24.50  20.00  24.50   7.50  10.00  16.50  16.00  14.50  15.00  20.50  22.50  16.50
 1.2N  / 37:  25.00  23.50  25.00  28.00  28.50  29.00  27.50  25.50  26.00  25.50  25.00  22.00  24.50  27.50  12.50   4.50  10.50  11.00   9.50   8.50  12.00  15.50  13.50  12.50
 1.2S  / 36:  27.50  28.50  29.00  28.50  28.50  30.00  26.50  24.00  24.50  25.50  28.00  28.00  25.50  22.50  10.00   5.50   9.50  10.50   7.00   6.00   8.50   9.50   9.00   8.00
 3.8S  / 35:  33.50  36.00  37.00  38.00  35.50  36.50  30.50  31.00  30.50  29.50  34.00  35.50  29.00  22.00   7.50   6.00   9.00   9.00   6.50   4.50   5.00   5.50   5.50   4.50
 6.2S  / 34:  32.50  34.50  39.00  38.50  36.00  37.50  37.50  37.50  39.00  41.00  36.50  34.50  30.50  24.50  17.00   5.50   7.00   8.00   5.50   6.00   5.50   5.00   4.50   3.50
 8.8S  / 33:  30.00  29.50  31.00  31.50  28.50  29.00  31.50  34.00  38.50  39.50  39.50  38.00  36.00  31.00  20.50  13.00   5.50   7.00   5.00   4.50   4.00   4.00   4.00   3.50
 11.2S / 32:  22.00  23.50  29.50  33.00  36.00  34.00  34.00  35.00  36.00  33.00  34.50  39.00  40.00  32.50  18.00   8.00   4.50   4.00   5.50   5.00   5.00   3.50   3.50   4.00
 13.8S / 31:  23.50  25.00  27.00  29.00  32.50  35.00  35.00  35.50  36.00  33.50  38.00  41.50  50.00  48.50  29.50  15.50   7.00   3.00   4.50   8.00   9.00   7.00   8.00   6.50
 16.2S / 30:  22.50  24.00  26.00  28.50  31.50  32.00  35.00  35.50  38.00  36.00  36.00  39.00  41.50  50.00  48.50  37.00  26.00  10.00   3.00   5.50   7.00   9.00  12.50  12.50
 18.8S / 29:  27.50  27.50  25.50  24.00  25.50  28.50  30.50  32.00  35.50  40.00  38.00  35.50  44.50  48.00  48.50  43.50  40.50  21.50   ....   ....   6.00  11.00  14.00  16.00
 21.2S / 28:  28.00  31.50  30.50  27.50  27.00  26.50  29.50  28.00  39.00  43.00  43.00  39.50  40.50  49.00  53.00  45.50  44.50  34.00  13.00   5.50  11.50  17.00  15.50  13.50
