             VARIABLE : Mean high cloud amount (%)
             FILENAME : ISCCPMonthly_avg.nc
             FILEPATH : /usr/local/fer_data/data/
             SUBSET   : 24 by 24 points (LONGITUDE-LATITUDE)
             TIME     : 16-FEB-1999 00:00
              113.8W 111.2W 108.8W 106.2W 103.8W 101.2W 98.8W  96.2W  93.8W  91.2W  88.8W  86.2W  83.8W  81.2W  78.8W  76.2W  73.8W  71.2W  68.8W  66.2W  63.8W  61.2W  58.8W  56.2W  
               27     28     29     30     31     32     33     34     35     36     37     38     39     40     41     42     43     44     45     46     47     48     49     50
 36.2N / 51:  13.50  10.00  10.00   8.00   7.50   9.50  10.50  10.50   9.00   8.00   7.50   9.00  10.50  10.50  12.50  11.00  11.00  12.50  12.50  17.50  19.00  17.50  18.00  18.00
 33.8N / 50:   9.00   9.00  10.00   6.50   8.00   7.50   6.50   6.50   6.00   6.00   6.50   8.00   9.50   9.50   9.50  12.00  12.50  10.50  12.00  12.00  13.00  12.00  13.50  13.00
 31.2N / 49:   8.50   8.50   9.50  10.00  11.00   8.50   6.50   6.50   6.50   8.00   9.50   8.50   8.50   7.50  10.00  10.00  10.50  10.50   7.50   7.00   6.50   8.00   8.00   7.50
 28.8N / 48:  12.50  11.00  11.00  11.50  10.50   9.50   7.50   8.50   8.00   5.50   5.50   5.00   4.50   4.00   5.00   5.00   4.50   4.00   4.00   4.00   4.50   5.00   5.50   9.50
 26.2N / 47:  14.50  12.00  10.00  10.00  11.50   8.00   6.50   5.50   4.00   2.50   2.00   2.00   2.00   1.00   1.50   1.50   2.00   1.50   2.00   3.50   4.00   4.50   4.50   7.50
 23.8N / 46:  12.50  10.50   9.00  10.00  10.00  11.00   7.00   4.00   2.00   1.00   0.50   1.00   1.00   2.00   1.50   1.00   1.00   2.00   2.50   3.00   3.00   4.50   5.00   5.50
 21.2N / 45:  13.50  13.50  14.00  12.00  10.50   7.50   4.00   2.00   0.50   0.50   0.50   0.50   0.50   1.00   1.50   2.50   4.00   2.50   2.00   2.50   3.00   2.50   2.50   3.00
 18.8N / 44:  17.00  17.00  16.00  11.00   7.50   5.50   4.00   3.00   3.00   1.50   0.50   1.50   1.50   2.00   2.50   3.00   2.00   2.00   2.50   2.50   3.00   4.00   4.00   3.50
 16.2N / 43:  17.00  14.50  11.00   7.50   4.50   1.50   1.50   0.50   1.50   1.50   1.50   3.00   2.50   1.50   2.00   3.50   3.50   3.00   3.00   3.50   3.50   3.00   2.50   2.50
 13.8N / 42:  15.50  15.00  12.50   7.00   4.00   2.00   1.50   1.00   1.00   0.50   0.50   1.50   3.00   3.50   4.00   3.00   3.50   4.00   3.50   3.00   2.00   1.50   2.50   3.00
 11.2N / 41:  18.50  16.50  12.00   8.50   5.00   2.50   1.50   2.00   0.50   0.50   2.50   3.50   5.50   5.50   4.00   4.50  10.50   9.50   4.50   3.00   3.00   3.50   3.50   3.00
 8.8N  / 40:  17.50  12.00  10.50   8.00   3.50   3.50   3.50   2.00   0.50   3.00   3.00   5.50  10.00  16.50   9.50  11.50  19.00  20.00  13.00   6.00   4.50   5.50   4.50   3.00
 6.2N  / 39:  12.50  12.00  10.50   8.00   8.00   7.50   5.00   6.00   4.50   6.00   8.50  15.50  18.50  18.00  13.00  36.00  35.00  21.50  16.50  16.50  12.50  12.50   7.50   6.50
 3.8N  / 38:   7.00   9.00   7.00   5.00   7.50  10.50   8.00   7.50   6.00   6.00   9.00  11.00  13.00  13.50  22.50  44.50  28.00  24.00  32.50  34.50  23.50  17.50  12.00  22.00
 1.2N  / 37:   1.50   2.00   1.50   1.00   1.50   2.00   2.50   2.00   1.00   1.00   3.00   7.00  11.00  16.00  37.50  41.50  34.00  39.50  42.00  40.50  26.00  20.50  26.00  31.50
 1.2S  / 36:   0.00   0.00   0.00   0.50   0.50   0.00   0.00   0.00   0.00   0.50   1.00   2.00   6.00  20.00  43.50  44.00  44.00  44.50  44.00  40.00  39.50  37.50  37.00  39.00
 3.8S  / 35:   0.50   1.00   0.50   0.00   0.00   1.00   1.50   1.50   1.50   2.50   3.00   2.00   4.00  16.00  48.00  49.00  48.00  47.00  47.50  46.00  47.00  47.50  43.00  41.00
 6.2S  / 34:   1.50   1.00   0.00   0.00   0.50   1.50   1.50   2.00   2.50   4.00   4.00   6.00   3.50  11.00  38.00  51.50  48.50  47.00  49.00  47.00  48.50  48.00  44.00  40.50
 8.8S  / 33:   2.50   1.50   1.00   0.50   2.00   1.50   2.50   4.50   5.50   4.00   4.00   3.50   3.00   5.50  19.00  53.00  49.00  44.50  46.00  45.50  45.50  45.00  42.00  41.50
 11.2S / 32:   1.50   2.00   2.00   1.50   1.00   0.50   0.50   2.00   2.50   2.50   2.00   1.50   1.50   4.50  27.00  53.00  46.50  42.50  39.50  44.00  43.50  41.00  41.00  40.00
 13.8S / 31:   2.00   2.00   2.50   1.50   0.50   0.50   0.50   0.50   0.50   0.50   0.00   0.50   0.50   2.00   4.50  31.50  53.50  53.50  40.00  36.00  39.00  38.50  39.50  37.00
 16.2S / 30:   1.50   1.50   1.50   1.50   1.00   1.00   1.00   1.00   0.50   0.00   0.00   0.00   0.50   0.50   1.00   4.00  20.00  47.50  47.50  36.00  31.00  30.50  33.00  35.50
 18.8S / 29:   1.50   1.50   1.50   1.00   0.50   0.50   1.00   2.00   1.00   0.00   0.00   0.00   0.00   0.00   1.00   2.50   6.50  24.00  43.50  43.50  30.50  17.50  26.00  30.50
 21.2S / 28:   2.50   3.50   1.50   1.00   1.00   1.50   3.00   1.50   0.50   0.50   0.50   0.00   0.00   0.00   0.50   1.00   1.50   5.50  21.00  34.00  22.00  17.00  21.50  28.50
