             VARIABLE : Mean high cloud amount (%)
             FILENAME : ISCCPMonthly_avg.nc
             FILEPATH : /usr/local/fer_data/data/
             SUBSET   : 24 by 24 points (LONGITUDE-LATITUDE)
             TIME     : 16-NOV-1996 00:00
              113.8W 111.2W 108.8W 106.2W 103.8W 101.2W 98.8W  96.2W  93.8W  91.2W  88.8W  86.2W  83.8W  81.2W  78.8W  76.2W  73.8W  71.2W  68.8W  66.2W  63.8W  61.2W  58.8W  56.2W  
               27     28     29     30     31     32     33     34     35     36     37     38     39     40     41     42     43     44     45     46     47     48     49     50
 36.2N / 51:  11.50  14.50  14.50  15.00  15.50  15.00  18.00  18.00  22.50  23.00  20.50  20.00  19.00  19.00  18.50  15.00  11.50  10.00  10.00   8.50   9.50  10.00  11.50  11.50
 33.8N / 50:   6.50   6.50  10.50  12.00  15.00  17.50  17.50  17.50  17.50  17.50  17.50  16.00  11.50  11.50  11.00   9.00   7.50   7.50   9.00   9.00   8.50   7.50   9.00  12.50
 31.2N / 49:   8.00   8.00  10.50  15.00  15.00  15.50  14.00  12.00  12.00  10.00   9.00   7.50   5.50   4.50   5.00   5.00   6.50   9.00  12.50  10.00   8.50   7.00   7.00   8.50
 28.8N / 48:   7.00   7.50   7.50  11.00   9.50  11.00  11.00   8.00   6.50   5.50   5.50   3.00   2.00   2.00   5.00   7.50  12.00  13.00  13.00  10.00   8.00   7.00   6.00  10.00
 26.2N / 47:   3.00   3.00   6.00   6.00   8.00  11.50  10.00   7.50   4.50   6.00   3.00   1.50   1.50   2.50   6.00  10.50  15.50  12.50   7.00   6.50   6.50   7.50   7.50  11.50
 23.8N / 46:   4.00   4.50   5.50   8.50   8.50  10.00   7.50   6.00   2.00   2.50   1.50   2.50   6.00  10.00  15.50  17.00  17.00  11.50   8.00   9.00   9.50   9.00  10.00  15.50
 21.2N / 45:   9.50   7.00   4.00   7.00   9.00   7.00   5.00   2.00   2.50   1.00   1.00   3.50  11.00  15.50  22.00  17.50  17.00  18.00  18.00  17.00  13.50  11.50  11.00  14.00
 18.8N / 44:   8.50   8.50   7.50  10.00  10.00   6.50   4.50   3.00   4.50   3.50   8.00  21.00  20.00  24.50  22.50  29.00  25.50  23.00  19.00  19.00  16.50  11.00   8.50   7.50
 16.2N / 43:  16.00  14.50  15.50  13.50   9.50   5.50   3.50   2.50   5.00  12.00  12.00  24.00  29.00  26.50  29.00  32.00  27.00  19.00  11.00   8.00   9.00   9.00  10.00   8.50
 13.8N / 42:  25.50  21.00  17.00  14.50  12.50  10.50   6.50   5.50   4.00   7.00  13.00  20.50  32.50  31.00  29.50  22.50  14.00   8.00   7.00   7.00   6.50   8.50  10.00  12.00
 11.2N / 41:  21.50  18.00  17.00  13.00  10.50  10.00   9.00   9.50   8.50   9.50  14.50  22.00  35.00  36.00  30.50  24.00  21.00  16.50  13.00   9.50   9.50  11.00  11.00  11.50
 8.8N  / 40:  25.50  20.50  16.50  11.50   9.50  13.00  12.00  11.00  12.50   9.50   9.50  10.50  21.00  33.00  36.00  34.50  28.00  27.00  18.00  13.00  16.50  15.50  14.00  11.50
 6.2N  / 39:   8.00   7.00   5.50   6.00   7.00   9.00   9.50   6.50   5.00   5.50   7.50   7.50  13.00  20.50  26.50  29.50  27.50  19.00  22.00  26.50  27.00  25.50  19.00  13.00
 3.8N  / 38:   0.50   0.00   0.00   0.50   0.50   0.50   0.50   0.00   0.00   0.00   0.50   1.00   2.50   4.00  12.50  25.00  25.50  28.00  37.50  38.00  30.00  20.00  13.50  13.50
 1.2N  / 37:   0.00   0.00   0.00   0.00   0.00   0.00   0.00   0.00   0.00   0.00   0.00   0.00   0.50   2.00   9.50  19.50  27.50  34.00  43.00  41.50  28.00  24.50  19.00  14.50
 1.2S  / 36:   0.00   0.00   0.00   0.00   0.00   0.00   0.00   0.00   0.00   0.00   0.00   0.00   1.00   3.00  11.00  18.00  31.50  38.50  42.50  41.50  38.50  34.00  29.50  23.00
 3.8S  / 35:   0.00   0.00   0.00   0.00   0.00   0.00   0.00   0.00   0.00   0.00   0.00   0.00   0.50   2.00  10.50  20.50  28.50  35.50  43.00  45.00  42.50  41.50  37.00  34.00
 6.2S  / 34:   0.00   0.00   0.00   0.00   0.00   0.00   0.00   0.00   0.00   0.00   0.00   0.00   0.00   0.50   5.50  21.00  29.50  34.50  41.00  46.00  46.00  44.50  47.00  45.00
 8.8S  / 33:   0.00   0.00   0.00   0.00   0.00   0.00   0.00   0.00   0.00   0.00   0.00   0.00   0.00   0.50   1.50  15.50  32.00  35.00  40.00  43.00  45.50  44.50  44.50  49.00
 11.2S / 32:   0.00   0.00   0.00   0.00   0.00   0.00   0.00   0.00   0.00   0.00   0.00   0.00   0.00   0.50   3.50  24.50  30.50  32.00  36.00  36.00  45.00  47.50  47.50  48.50
 13.8S / 31:   0.00   0.00   0.00   0.00   0.00   0.00   0.00   0.00   0.00   0.00   0.00   0.00   0.00   0.00   0.50   4.50  23.50  36.50  36.50  33.00  33.50  44.00  49.50  45.50
 16.2S / 30:   0.50   0.50   0.00   0.00   0.00   0.00   0.00   0.00   0.00   0.00   0.00   0.00   0.00   0.00   0.00   0.50   4.50  16.00  28.50  33.50  30.50  29.50  34.50  39.50
 18.8S / 29:   0.00   0.00   0.50   0.50   0.00   0.00   0.00   0.00   0.00   0.00   0.00   0.00   0.00   0.00   0.00   1.00   5.00  10.00  18.50  18.50  26.50  24.50  23.50  29.50
 21.2S / 28:   1.00   0.50   0.50   0.50   0.50   0.00   0.00   0.00   0.00   0.00   0.00   0.00   0.00   0.00   0.00   0.00   2.00   5.00   8.50  16.50  20.50  19.00  22.00  25.00
