             VARIABLE : Mean low cloud amount (%)
             FILENAME : ISCCPMonthly_avg.nc
             FILEPATH : /usr/local/fer_data/data/
             SUBSET   : 24 by 24 points (LONGITUDE-LATITUDE)
             TIME     : 16-AUG-2000 00:00
              113.8W 111.2W 108.8W 106.2W 103.8W 101.2W 98.8W  96.2W  93.8W  91.2W  88.8W  86.2W  83.8W  81.2W  78.8W  76.2W  73.8W  71.2W  68.8W  66.2W  63.8W  61.2W  58.8W  56.2W  
               27     28     29     30     31     32     33     34     35     36     37     38     39     40     41     42     43     44     45     46     47     48     49     50
 36.2N / 51:  22.00  13.00  13.00  11.50  15.50  16.00  13.00  13.00  12.50  13.50  12.00  13.00  15.50  15.50  13.50  14.00  24.00  25.50  25.50  28.50  31.00  26.50  27.00  27.00
 33.8N / 50:  24.00  24.00  15.50  16.00  13.50  15.50  11.50  11.50   9.00  10.50  14.50  16.50  15.00  15.00  16.00  23.50  26.50  28.00  26.00  26.00  30.00  30.00  22.00  24.00
 31.2N / 49:  23.50  23.50  15.50  17.50  18.50  17.00  15.00  13.50  13.50  14.50  14.50  16.00  15.50  21.50  27.00  27.00  25.50  26.00  26.50  27.50  28.50  23.00  23.00  23.50
 28.8N / 48:  20.50  15.50  15.50  11.00  18.50  18.00  18.00  17.50  20.50  23.50  23.50  28.50  25.00  18.00  30.00  27.00  22.50  25.50  25.50  26.00  25.00  20.00  21.00  22.50
 26.2N / 47:  18.50  22.00  11.00  11.00  14.50  17.50  17.50  19.00  22.00  23.00  24.50  28.00  28.00  20.50  21.00  26.50  25.00  24.00  27.00  23.00  20.50  19.50  19.50  19.00
 23.8N / 46:  23.50  18.50  18.50   9.00   9.00  13.00  16.00  20.00  24.50  23.00  25.00  27.00  24.00  20.00  21.00  24.50  24.50  25.00  23.50  19.00  17.50  18.00  19.00  20.50
 21.2N / 45:  28.50  24.00  25.50  16.50   7.50  12.00  13.00  25.50  25.50  14.50  14.50  17.00  24.50  19.50  15.50  18.00  25.50  22.00  21.00  20.00  16.50  19.00  22.00  25.00
 18.8N / 44:  25.50  25.50  24.00  23.00  14.00   8.50   8.50   9.50  20.50  12.50  14.00  26.00  21.50  24.00  23.50  24.00  22.50  18.00  21.50  21.50  20.00  19.50  22.50  25.50
 16.2N / 43:  25.00  24.50  23.00  21.00  19.00  17.00  10.00  13.00   8.00   8.50   8.50  19.00  19.50  27.50  26.00  23.50  20.50  21.00  21.50  20.00  19.50  22.50  25.50  26.50
 13.8N / 42:  19.50  22.50  22.50  22.00  21.00  22.50  25.00  24.50  26.50  16.00  12.00  12.50  17.00  30.50  31.50  24.50  20.00  16.50  19.00  20.50  20.50  24.50  23.50  25.50
 11.2N / 41:  19.00  21.00  19.50  17.50  21.50  22.50  27.50  27.50  24.00  26.00  24.50  11.50  18.00  31.50  36.00  25.50  22.50  21.50  19.00  23.00  20.00  18.50  18.50  20.00
 8.8N  / 40:  21.50  23.00  21.50  21.50  19.50  23.00  29.00  29.50  31.00  27.00  27.00  24.00  16.50  11.00  14.00  14.50  12.00   9.50  12.00  14.50  15.50  14.00  17.50  23.50
 6.2N  / 39:  47.00  45.00  44.50  45.00  44.00  41.00  44.00  41.00  41.00  37.00  33.00  27.00  24.00  21.50  17.50   5.50   7.50   8.50  10.50  11.50  11.00  12.00  12.50  17.50
 3.8N  / 38:  56.00  60.00  59.50  59.00  60.00  59.00  55.00  57.00  57.50  56.50  52.00  47.50  44.00  36.00  24.50   8.00   6.50  10.50  10.50   9.50  10.50  15.50  14.00  13.00
 1.2N  / 37:  42.50  43.00  41.00  46.50  48.00  48.00  50.50  50.00  49.00  49.00  55.00  53.50  52.00  43.50  12.00   7.00  11.00  11.00  10.50  11.50  14.50  16.00  14.50  14.00
 1.2S  / 36:  28.00  29.50  25.50  28.00  29.50  27.50  26.50  24.00  26.50  37.00  39.00  32.00  25.50  27.50   6.00   9.50  11.50  12.00  12.50  13.00  14.00  15.00  16.00  15.00
 3.8S  / 35:  33.50  33.50  37.00  36.50  40.50  45.50  46.00  43.50  43.00  50.50  40.00  24.50  15.50  18.50   7.00  10.50  11.50  11.50  12.50  12.00  13.50  14.00  14.50  13.50
 6.2S  / 34:  38.50  41.00  43.50  48.00  53.50  56.50  64.50  69.50  67.00  69.50  65.50  57.00  40.00  21.50  10.50   9.00  10.50  12.00  13.50  13.50  13.00  12.00  12.50  12.00
 8.8S  / 33:  38.00  40.00  49.50  59.00  64.50  69.00  74.50  75.00  73.00  73.00  73.00  71.50  68.00  55.50  29.50   9.00  11.50  13.00  13.00  12.00  12.50  12.00  13.00  13.50
 11.2S / 32:  29.00  34.00  43.50  46.50  54.00  58.50  62.00  69.00  70.00  70.50  71.00  71.50  70.50  57.00  19.50   9.50  11.50  13.00  13.00  12.50  12.50  13.00  13.00  15.50
 13.8S / 31:  36.50  39.00  42.50  47.00  48.50  53.00  55.50  58.50  65.50  66.50  65.00  66.00  64.00  59.00  49.50  13.00  10.00   9.50  14.00  15.50  14.00  17.00  21.00  16.00
 16.2S / 30:  41.00  43.50  43.50  46.00  46.00  48.00  50.00  54.50  55.50  55.00  55.00  53.00  52.00  45.50  44.50  40.00  15.50   8.00   6.50  11.00  14.00  17.00  19.00  20.00
 18.8S / 29:  40.50  40.50  43.00  48.50  45.00  43.50  49.00  47.50  50.50  48.50  45.50  43.50  45.50  39.50  41.00  39.00  30.00  12.50   7.00   7.00   9.00  18.50  19.50  17.00
 21.2S / 28:  48.00  45.50  47.00  48.50  49.00  47.00  49.50  51.00  51.00  46.50  46.50  45.00  45.00  43.50  42.50  44.50  36.50  24.50   8.50   ....  22.50  24.50  19.50  16.50
