             VARIABLE : Mean high cloud amount (%)
             FILENAME : ISCCPMonthly_avg.nc
             FILEPATH : /usr/local/fer_data/data/
             SUBSET   : 24 by 24 points (LONGITUDE-LATITUDE)
             TIME     : 16-MAR-2000 00:00
              113.8W 111.2W 108.8W 106.2W 103.8W 101.2W 98.8W  96.2W  93.8W  91.2W  88.8W  86.2W  83.8W  81.2W  78.8W  76.2W  73.8W  71.2W  68.8W  66.2W  63.8W  61.2W  58.8W  56.2W  
               27     28     29     30     31     32     33     34     35     36     37     38     39     40     41     42     43     44     45     46     47     48     49     50
 36.2N / 51:  13.50  18.00  18.00  24.50  21.50  15.50  12.00  12.00  12.50  15.00  13.50  14.00  14.00  14.00  12.00   9.50  10.00   9.00   9.00   7.50   9.00  10.50  10.50  10.50
 33.8N / 50:  11.00  11.00  13.50  16.00  11.50  11.00  11.50  11.50  19.00  18.50  16.50  15.50  13.00  13.00  10.50   9.00   9.50   9.00   6.50   6.50   8.00   7.50   6.00   7.50
 31.2N / 49:   5.50   5.50   6.00   7.00   9.00  11.00  12.50  13.00  13.00  13.50  12.50  10.50  10.50   8.00   7.00   7.00   7.50   6.50   6.00   7.00   6.00   5.00   5.00   4.50
 28.8N / 48:   3.50   4.50   4.50   7.00   8.50   9.50   9.00   9.50   8.50   8.00   8.00   8.50   9.00   6.00   5.00   5.00   4.50   5.00   5.00   5.50   3.00   3.00   5.00   3.50
 26.2N / 47:   5.50   5.50   6.00   6.00  10.50   9.00   8.00   9.00   7.00   6.50   6.00   5.50   5.50   4.50   4.00   3.00   2.00   1.50   2.50   1.50   2.50   4.00   4.00   3.50
 23.8N / 46:   9.50   9.50   9.00   9.50   9.50  11.00  11.00   9.50   7.00   4.00   2.00   2.00   2.00   2.00   0.50   0.50   0.50   0.00   0.50   0.50   1.00   2.50   2.00   1.00
 21.2N / 45:  13.50  11.00   8.50   8.00  11.50  10.00   9.00   7.00   4.00   3.00   3.00   3.00   1.50   1.00   0.50   0.00   0.00   0.00   0.50   0.50   2.00   1.50   1.00   1.50
 18.8N / 44:  12.00  12.00   9.00   9.00   7.50   8.50   7.50   6.50   5.00   5.50   4.50   3.50   2.00   1.00   0.50   1.00   1.00   1.50   1.00   1.00   1.50   2.00   3.50   5.00
 16.2N / 43:  13.50  11.00  10.00   9.00   8.00   4.50   2.50   2.00   4.00   5.00   5.00   4.00   3.00   2.00   3.00   2.00   2.00   2.50   2.00   1.50   3.00   6.00   8.50   9.50
 13.8N / 42:  15.00  11.00   9.00   7.00   4.50   2.00   1.50   0.50   1.50   4.00   4.00   3.00   3.50   5.00   3.50   3.50   3.50   2.50   2.50   4.50   7.00  10.00   9.50   7.50
 11.2N / 41:   9.00   6.50   6.00   3.50   1.00   1.00   0.50   0.50   1.50   2.50   4.50   6.50   7.50   4.50   4.00   4.50   8.00   5.00   5.00   6.50   9.50  10.50  10.50   7.50
 8.8N  / 40:   9.50   8.50   5.50   3.50   2.50   2.00   1.00   1.50   2.50   7.50   7.50   9.00  12.50  13.50   6.00  10.50  11.00  11.50   8.00   8.00  10.00  11.00  10.50   8.00
 6.2N  / 39:   9.00   9.00   7.00   5.50   6.50   5.50   4.50   4.50   7.00  12.50  19.00  21.00  20.50  12.00  11.50  24.50  24.00  15.50  13.50  14.00  14.50  16.00  14.00  14.00
 3.8N  / 38:   5.50   5.50   3.00   4.00   4.00   4.00   5.50   7.00   9.50   9.50   9.00   7.50   6.00   6.00  14.00  29.00  24.00  24.00  28.50  25.50  20.00  19.00  17.50  24.00
 1.2N  / 37:   1.50   1.00   2.50   3.50   6.50   6.00   3.50   2.50   1.00   1.50   1.50   2.00   3.00  10.50  32.00  35.00  34.50  38.50  39.50  30.50  27.00  30.00  37.50  38.50
 1.2S  / 36:   3.50   4.00   7.00   8.00  11.50  16.00  16.00  10.00   3.50   4.00   5.50   5.00   6.00  14.50  35.50  39.00  45.00  44.50  44.00  40.00  37.50  48.50  50.00  50.50
 3.8S  / 35:  13.00  15.00  17.00  16.50  17.50  21.00  22.50  21.50  13.00  13.50  13.50   9.00   7.00  15.00  43.50  46.50  45.50  43.50  43.00  45.00  44.50  48.50  49.00  43.50
 6.2S  / 34:  16.50  19.00  21.50  23.50  24.50  23.50  22.50  20.50  19.00  24.00  21.50  12.50   9.00   9.00  26.00  42.50  43.50  44.50  46.00  47.00  46.50  46.50  46.50  44.50
 8.8S  / 33:  15.00  15.50  17.50  18.50  17.50  17.00  16.50  18.00  18.50  18.50  18.50  12.50   7.50   7.00  12.50  42.50  41.00  39.00  43.00  45.50  45.00  46.00  43.00  42.00
 11.2S / 32:   4.50   8.00  12.50   9.50   9.50  10.50  10.50   8.50   7.00   8.00   6.00   4.50   4.00   5.00  20.50  48.50  40.00  35.50  35.00  37.00  39.50  40.50  40.50  40.50
 13.8S / 31:   1.50   3.50   5.00   5.50   6.00   6.50   5.00   2.00   3.50   3.50   2.50   2.00   1.00   1.50   3.50  17.50  42.50  47.00  35.50  29.50  34.50  39.00  42.50  36.50
 16.2S / 30:   1.50   2.50   3.00   4.50   4.00   3.50   1.50   1.50   3.00   2.00   2.00   2.00   0.50   0.50   0.50   1.50   9.00  25.50  36.50  33.00  29.50  34.00  41.00  40.50
 18.8S / 29:   1.00   1.00   2.00   3.00   2.00   1.50   1.00   0.50   0.50   0.50   1.00   0.50   0.50   0.00   0.50   0.50   1.50   9.00  20.50  20.50  28.50  24.50  29.00  36.50
 21.2S / 28:   0.50   1.00   1.50   1.50   1.00   0.50   0.50   0.00   0.00   0.00   0.00   0.50   0.50   0.00   0.00   0.00   0.00   0.50   4.00  14.50  16.50  21.50  27.50  33.50
