             VARIABLE : Mean middle cloud amount (%)
             FILENAME : ISCCPMonthly_avg.nc
             FILEPATH : /usr/local/fer_data/data/
             SUBSET   : 24 by 24 points (LONGITUDE-LATITUDE)
             TIME     : 16-MAY-1997 00:00
              113.8W 111.2W 108.8W 106.2W 103.8W 101.2W 98.8W  96.2W  93.8W  91.2W  88.8W  86.2W  83.8W  81.2W  78.8W  76.2W  73.8W  71.2W  68.8W  66.2W  63.8W  61.2W  58.8W  56.2W  
               27     28     29     30     31     32     33     34     35     36     37     38     39     40     41     42     43     44     45     46     47     48     49     50
 36.2N / 51:  21.50  24.00  24.00  25.50  25.50  23.50  19.00  19.00  16.50  19.50  18.50  21.50  27.00  27.00  22.50  16.50  16.00  15.50  15.50  15.50  15.50  15.50  16.50  16.50
 33.8N / 50:  13.00  13.00  18.50  21.50  21.50  20.50  19.50  19.50  18.50  19.00  18.00  20.00  23.00  23.00  17.50  11.50  11.00  12.00  14.00  14.00  15.00  14.50  15.50  17.50
 31.2N / 49:   9.50   9.50  16.50  17.50  17.00  17.00  17.50  18.50  18.50  19.00  19.50  20.00  21.00  18.00  12.50  12.50  11.00  12.00  12.50  13.50  14.50  17.00  17.00  17.00
 28.8N / 48:   6.50   9.50   9.50  17.50  16.50  16.50  16.50  16.00  15.50  16.50  16.50  16.00  16.00  15.00  13.50  12.00  13.50  12.50  12.50  15.50  17.00  14.00  14.00  12.50
 26.2N / 47:   7.00  10.00  15.00  15.00  16.00  18.50  18.50  15.00  15.50  14.00  15.50  13.50  13.50  13.50  13.50  12.50  11.50  11.00  14.50  16.00  12.00  10.50  10.50   8.00
 23.8N / 46:   8.50  11.50  11.00  15.00  15.00  19.50  21.00  18.00  17.00  16.00  18.00  15.00  14.00  15.00  14.00  10.00  10.00   7.00   8.50  10.50   7.50   8.00   6.50   6.50
 21.2N / 45:   8.00   8.00   8.00  10.00  17.00  23.00  23.00  19.00  18.50  19.00  19.00  17.00  15.00  12.00  10.50   9.00   5.50   3.50   4.50   3.50   6.00   5.00   5.50   5.00
 18.8N / 44:   6.00   6.00   6.50   8.50  11.50  18.50  22.50  25.50  20.50  21.00  19.00  14.00   9.50   7.50   8.00   8.00  10.50   9.50   5.50   5.50   4.00   4.00   4.50   5.00
 16.2N / 43:   7.00   7.50   8.50  11.00  13.00  14.00  18.00  19.00  22.50  23.50  23.50  19.00  13.50   8.50   6.50   5.00   4.50   3.50   3.00   3.00   3.50   4.50   5.00   7.00
 13.8N / 42:  10.00  10.00  12.50  15.00  15.00  15.00  15.00  13.50  13.00  16.50  20.00  18.50  16.00  13.00  12.50  10.00   9.50   9.00   7.00   6.00   6.50   7.00   8.50  10.50
 11.2N / 41:  13.00  15.50  18.50  20.00  20.50  18.50  17.00  13.00  12.00  14.50  16.50  21.50  23.50  21.00  19.50  17.50  21.50  21.50  20.00  15.00  16.00  14.50  14.50  14.00
 8.8N  / 40:  14.50  16.00  19.00  18.50  18.00  18.50  15.50  14.00  16.00  19.00  19.00  20.50  19.50  22.50  21.50  21.50  19.50  26.50  31.50  24.00  21.00  22.50  22.00  21.00
 6.2N  / 39:  15.00  14.50  17.00  19.00  16.50  16.50  19.50  17.50  19.00  17.00  19.00  21.00  20.50  18.50  18.50  20.00  27.00  38.00  31.50  27.00  27.00  25.00  27.00  26.00
 3.8N  / 38:  20.00  21.50  20.00  18.50  18.00  21.00  20.50  18.50  20.00  20.00  21.50  20.50  20.00  21.00  21.00  30.50  39.00  36.00  32.00  26.50  29.00  30.00  31.00  25.50
 1.2N  / 37:  16.00  17.50  16.00  16.00  14.00  13.50  16.00  15.00  13.50  16.50  19.50  18.00  18.50  23.50  27.00  42.00  39.00  33.50  29.50  27.00  29.00  30.00  29.00  26.50
 1.2S  / 36:   8.50  10.50  11.00  12.00   9.50   9.50  10.50  11.00  10.50  10.50  13.00  12.50  11.50  21.50  39.00  47.00  38.50  32.00  31.50  29.00  28.00  27.50  29.50  28.00
 3.8S  / 35:   7.00   6.50   6.50   7.50   6.00   6.00   5.50   5.00   6.50   7.00   9.50  10.00   9.00  16.50  42.00  44.00  34.00  32.00  30.50  27.00  24.50  24.50  23.50  22.00
 6.2S  / 34:   8.00   6.50   5.50   5.00   6.00   6.00   5.50   4.00   3.00   3.00   3.00   4.00   5.50   9.00  28.00  42.50  35.50  31.00  27.00  24.50  24.00  21.50  19.00  18.50
 8.8S  / 33:   2.50   3.50   4.50   4.00   5.50   5.00   3.00   1.50   2.00   2.00   2.00   3.00   3.50   4.00   8.50  41.00  30.50  25.00  22.00  20.00  16.00  14.50  14.00  16.50
 11.2S / 32:   1.00   1.00   1.50   2.50   2.50   3.50   4.00   3.50   2.00   1.50   1.50   2.50   3.00   3.00  12.00  35.00  28.00  22.00  19.00  17.00  13.00  12.50  12.50  12.50
 13.8S / 31:   0.50   1.00   1.50   2.00   1.50   2.00   3.00   4.00   4.00   4.50   4.50   4.50   5.00   5.50   5.00  13.50  32.00  27.00  24.50  14.50  14.50  14.00  14.00  12.00
 16.2S / 30:   2.50   2.00   2.50   2.00   2.50   2.50   2.00   2.50   4.00   5.00   5.00   5.50   6.00   7.00  11.50   6.00   8.50  26.50  28.00  22.50  15.00  13.00  13.50  13.00
 18.8S / 29:   2.50   2.50   2.50   4.00   3.50   3.00   2.50   2.50   2.00   3.50   4.00   4.50   7.00   8.50   8.00   9.50   6.00  18.00  21.00  21.00  16.50  18.00  11.50   8.50
 21.2S / 28:   5.00   3.00   4.50   5.00   6.00   6.00   4.00   3.50   3.00   4.00   4.00   6.00   5.00   6.00   7.00   8.50   8.50   9.50  22.50  15.00  19.50  14.50  14.50  16.00
