             VARIABLE : Mean low cloud amount (%)
             FILENAME : ISCCPMonthly_avg.nc
             FILEPATH : /usr/local/fer_data/data/
             SUBSET   : 24 by 24 points (LONGITUDE-LATITUDE)
             TIME     : 16-OCT-1999 00:00
              113.8W 111.2W 108.8W 106.2W 103.8W 101.2W 98.8W  96.2W  93.8W  91.2W  88.8W  86.2W  83.8W  81.2W  78.8W  76.2W  73.8W  71.2W  68.8W  66.2W  63.8W  61.2W  58.8W  56.2W  
               27     28     29     30     31     32     33     34     35     36     37     38     39     40     41     42     43     44     45     46     47     48     49     50
 36.2N / 51:  15.00   7.50   7.50   5.50  11.00  19.50  26.00  26.00  24.00  22.00  24.00  19.50  15.50  15.50  13.00  19.50  39.00  36.50  36.50  36.50  36.50  34.50  34.00  34.00
 33.8N / 50:  14.00  14.00   8.50   8.00  13.50  21.50  25.00  25.00  21.00  22.50  18.00  15.50  15.00  15.00  16.00  26.50  32.50  31.00  38.00  38.00  35.50  30.00  28.50  31.00
 31.2N / 49:  13.00  13.00   9.50   8.50  14.00  22.50  25.00  22.00  22.00  18.00  15.00  16.00  16.00  24.50  30.00  30.00  28.00  28.50  32.50  28.50  24.50  25.00  25.00  27.50
 28.8N / 48:  13.50   9.50   9.50   9.50  11.00  18.00  22.50  18.00  23.50  24.50  24.50  25.00  23.50  17.50  29.00  29.00  30.00  29.00  29.00  28.00  28.50  28.50  28.50  25.00
 26.2N / 47:  11.50  16.00  11.00  11.00   7.50  12.50  16.50  26.00  35.50  31.00  27.50  29.00  29.00  20.50  22.00  31.50  32.00  29.00  29.50  34.50  31.00  28.50  28.50  26.50
 23.8N / 46:  17.50  17.00  15.50   8.00   8.00   9.00  13.00  25.50  28.00  26.00  24.00  30.50  22.50  22.00  22.50  26.50  26.50  24.50  23.00  29.50  35.00  37.00  29.50  28.00
 21.2N / 45:  29.50  25.50  22.50  16.50   6.50   7.50   9.00  21.50  25.50  18.00  18.00  18.50  23.00  19.00  15.50  15.50  22.50  22.50  30.50  26.00  22.50  23.00  27.00  28.50
 18.8N / 44:  27.00  27.00  27.00  27.00  22.00   7.50   6.50   6.50  16.50  14.50  13.00  28.00  25.00  22.50  19.50  20.50  18.00  16.50  22.00  22.00  24.50  24.50  24.50  29.00
 16.2N / 43:  35.00  30.50  30.00  37.50  35.50  24.00  11.00  11.50   5.50   9.50   9.50  17.50  20.00  22.00  23.00  22.50  27.50  28.00  32.00  29.00  27.50  28.50  26.00  29.00
 13.8N / 42:  31.00  31.00  30.50  31.00  33.00  33.00  29.50  22.50  31.50  19.00   9.00   8.50  12.50  23.50  21.50  27.00  29.50  25.50  29.00  28.50  31.00  29.50  28.50  26.50
 11.2N / 41:  25.00  26.50  30.00  30.00  24.00  24.00  20.00  27.50  37.50  27.50  20.50   8.00  15.00  20.00  19.00  13.00  11.00  14.50  19.50  25.00  24.00  24.00  24.00  24.00
 8.8N  / 40:  36.00  41.00  41.50  34.50  26.00  28.50  30.50  32.00  26.00  22.00  22.00  19.00  10.50   6.50   9.00   8.50   5.50   5.50   7.50  10.00  10.00  11.00  18.50  24.50
 6.2N  / 39:  52.00  54.00  54.50  53.00  43.50  42.50  41.00  39.50  36.50  31.50  33.00  27.00  21.00  17.00  16.50   2.50   3.50   8.00  10.00   9.00   7.00   8.50  10.50  16.50
 3.8N  / 38:  59.00  61.00  60.00  63.00  62.50  62.00  56.50  55.00  56.50  54.00  52.00  47.00  41.50  30.00  16.00   3.50   6.00  10.00   9.00   7.50   8.00  13.00  11.00  11.50
 1.2N  / 37:  51.00  54.50  46.00  49.50  56.50  61.50  57.00  56.50  56.00  49.00  54.50  62.50  56.00  36.00   6.50   5.00   8.00   8.50   9.00   9.00  10.50  12.50  11.00  12.50
 1.2S  / 36:  28.00  33.00  39.50  37.50  35.00  34.50  30.00  22.50  21.50  35.50  38.00  38.50  31.50  22.00   4.50   7.50   8.50   9.00  10.50  11.50  12.00  13.50  14.00  16.00
 3.8S  / 35:  28.00  30.00  39.50  48.50  50.50  47.00  46.00  41.00  44.00  53.00  49.50  31.00  13.00  18.00   6.50  10.00  11.00  10.50  11.50  12.00  13.50  14.50  15.50  16.00
 6.2S  / 34:  35.00  35.50  36.00  47.00  56.50  62.50  59.50  59.00  58.00  64.50  60.00  54.00  36.50  19.00   9.00  10.00  11.50  10.50  10.50  11.50  13.00  13.50  14.00  13.50
 8.8S  / 33:  36.50  42.00  52.00  54.50  63.00  68.00  68.00  66.00  64.00  62.00  62.00  57.50  52.00  43.00  21.50   7.00  11.50  11.00  10.00  12.50  12.50  13.50  12.00  12.50
 11.2S / 32:  45.00  51.00  54.00  51.50  54.50  60.50  62.00  61.00  58.00  58.50  59.00  55.50  55.00  48.00  17.00   6.50   9.00  10.00  13.50  13.50  13.50  13.00  13.00  15.00
 13.8S / 31:  44.50  48.00  51.00  52.50  53.50  52.50  55.00  53.50  53.50  46.00  48.00  43.00  41.50  46.00  35.00  13.50   7.00   7.50  13.50  17.00  15.00  14.50  17.00  18.00
 16.2S / 30:  42.00  44.50  46.00  46.00  46.00  47.50  51.00  48.50  45.00  40.00  40.00  34.00  30.00  26.50  33.50  32.00  19.00  11.50   6.50  11.00  17.50  19.00  19.50  19.50
 18.8S / 29:  41.00  41.00  43.50  44.00  44.50  43.50  43.50  47.00  44.50  41.50  40.00  30.00  29.00  25.50  26.00  27.00  28.50  15.50  12.00  12.00  11.00  18.00  22.50  22.50
 21.2S / 28:  38.00  40.50  40.00  43.00  43.50  43.50  46.50  47.50  39.50  36.50  36.50  40.00  37.50  24.00  20.50  20.00  25.50  27.00  16.00   ....  20.50  21.00  22.00  22.00
