             VARIABLE : Mean low cloud amount (%)
             FILENAME : ISCCPMonthly_avg.nc
             FILEPATH : /usr/local/fer_data/data/
             SUBSET   : 24 by 24 points (LONGITUDE-LATITUDE)
             TIME     : 16-MAY-1995 00:00
              113.8W 111.2W 108.8W 106.2W 103.8W 101.2W 98.8W  96.2W  93.8W  91.2W  88.8W  86.2W  83.8W  81.2W  78.8W  76.2W  73.8W  71.2W  68.8W  66.2W  63.8W  61.2W  58.8W  56.2W  
               27     28     29     30     31     32     33     34     35     36     37     38     39     40     41     42     43     44     45     46     47     48     49     50
 36.2N / 51:  26.00  16.50  16.50  12.50  15.50  25.00  26.50  26.50  25.50  25.50  25.00  23.50  18.50  18.50  20.00  23.00  43.50  39.50  39.50  36.50  35.00  34.00  36.00  36.00
 33.8N / 50:  26.50  26.50  18.00  16.00  22.50  27.00  25.00  25.00  24.50  25.00  24.00  20.50  17.00  17.00  19.00  28.50  36.00  30.00  31.50  31.50  31.00  28.50  32.50  35.50
 31.2N / 49:  23.00  23.00  18.50  18.00  26.00  27.00  23.00  19.50  19.50  19.50  19.50  18.50  18.50  24.50  28.00  28.00  29.50  30.50  30.50  31.50  31.50  34.00  34.00  31.00
 28.8N / 48:  28.00  18.00  18.00  13.50  19.00  29.50  30.00  22.50  25.00  26.50  26.50  23.00  17.00  22.00  22.50  22.50  24.00  28.00  28.00  28.00  32.00  33.50  32.50  31.00
 26.2N / 47:  22.00  27.00  18.50  18.50  15.50  19.00  30.00  24.00  28.00  22.00  19.50  15.50  15.50  16.50  20.00  20.50  14.00  17.00  22.00  25.00  26.50  25.50  25.50  28.50
 23.8N / 46:  32.00  21.50  18.50  12.00  12.00  11.50  20.00  19.00  21.50  16.50  13.50  15.50  14.00  16.50  15.50  13.00  13.00  15.50  16.50  18.50  22.00  24.00  24.50  26.00
 21.2N / 45:  65.00  40.00  29.50  21.50   9.50  13.00  21.50  21.00  18.50  15.50  15.50  13.50  13.50  16.50  19.00  16.00  17.50  20.00  20.00  20.00  19.50  29.00  31.00  30.50
 18.8N / 44:  63.50  63.50  55.00  40.00  17.50  15.50  13.50  13.50  17.00  18.00  15.50  15.00  18.00  24.50  19.00  20.50  20.00  20.50  22.50  22.50  24.50  26.00  28.50  30.00
 16.2N / 43:  62.50  54.50  50.50  43.50  24.50  17.00  11.50  16.00  12.00  13.50  13.50  16.00  17.00  22.00  23.00  25.50  27.00  20.00  20.00  21.50  23.00  25.00  26.00  24.00
 13.8N / 42:  41.00  46.00  39.00  39.00  31.50  27.50  27.00  24.50  26.50  18.00  14.00  18.50  17.50  24.00  25.50  22.50  21.50  20.00  22.00  21.50  20.00  24.00  23.00  24.00
 11.2N / 41:  32.00  31.50  24.50  25.00  24.00  23.50  24.00  29.00  28.00  26.50  26.50  16.00  17.00  20.00  18.00  16.00  14.00  17.00  20.50  21.50  21.50  24.00  24.00  26.00
 8.8N  / 40:  24.50  25.00  21.00  20.50  18.00  19.00  18.00  20.00  22.00  19.50  19.50  20.50  16.00   8.50   9.50   7.00   6.50   8.00  10.50  20.00  22.50  20.00  19.50  28.50
 6.2N  / 39:  34.50  33.50  30.50  32.00  28.50  29.00  25.00  23.50  26.00  24.50  24.50  22.00  20.00  19.00  14.00   3.00   5.00   7.50  14.00  15.50  16.50  17.00  15.00  18.00
 3.8N  / 38:  30.50  30.00  31.00  37.50  41.00  43.00  40.50  39.00  38.00  37.50  45.50  43.50  40.00  31.50  17.50   3.00   6.50  11.00  11.00  10.00  13.00  15.00  15.00  11.00
 1.2N  / 37:  20.50  26.50  23.50  22.00  21.50  22.00  26.00  27.50  25.50  23.50  28.50  33.00  33.50  28.00   8.00   5.50   9.50   9.00   9.50  10.50  12.00  13.00  11.50  10.50
 1.2S  / 36:  19.00  18.50  18.50  21.00  20.00  17.00  15.50  20.50  17.50  16.50  15.50  11.50  13.50  17.50   6.00   6.50   8.50  10.50   9.00  11.50  11.00   9.00   9.00  10.00
 3.8S  / 35:  19.00  23.00  23.50  24.50  25.50  26.50  19.50  21.50  27.00  29.50  27.00  24.50  10.50  15.00   7.50  10.00  10.50  11.50  12.00  11.00  12.00   9.00  10.50  11.00
 6.2S  / 34:  20.00  20.50  24.50  29.00  30.50  35.00  35.00  36.00  40.50  48.00  50.50  45.50  30.00  15.00  12.50  10.00  13.00  15.50  15.50  14.00  12.50  12.00  11.00  11.00
 8.8S  / 33:  20.50  21.50  25.00  28.00  32.50  41.00  49.00  51.50  60.50  64.00  64.00  65.50  62.00  45.50  22.00   9.00  13.50  16.50  17.50  16.50  15.00  12.00  11.50  13.50
 11.2S / 32:  25.00  27.00  27.00  31.50  31.50  34.50  46.00  55.50  66.00  72.00  76.00  78.50  76.00  57.00  17.50   8.50  12.00  15.50  16.50  15.00  11.50  11.00  11.00  12.50
 13.8S / 31:  29.00  28.00  26.00  31.00  31.00  36.50  39.00  52.00  63.50  68.50  73.50  78.00  75.50  73.00  45.50  12.00   5.50   9.00  13.50  15.50  16.00  12.00  11.50  11.00
 16.2S / 30:  38.50  33.00  36.50  44.00  40.50  42.00  44.00  53.00  66.50  71.00  71.00  73.00  74.00  71.50  66.50  57.00  30.50   9.00   5.00  11.50  14.50  12.50  15.00  15.50
 18.8S / 29:  40.00  40.00  37.00  42.00  41.00  39.50  46.00  49.00  52.00  64.50  69.50  72.50  65.00  66.50  63.50  68.00  66.00  19.00   ....   ....   7.50  14.50  14.00  14.00
 21.2S / 28:  36.50  39.50  42.00  47.00  40.50  35.50  47.00  51.00  51.00  59.00  59.00  66.00  63.50  61.00  58.50  49.50  53.50  48.00   5.00   3.00  13.50  15.50  12.50  10.00
