             VARIABLE : Mean low cloud amount (%)
             FILENAME : ISCCPMonthly_avg.nc
             FILEPATH : /usr/local/fer_data/data/
             SUBSET   : 24 by 24 points (LONGITUDE-LATITUDE)
             TIME     : 16-FEB-1998 00:00
              113.8W 111.2W 108.8W 106.2W 103.8W 101.2W 98.8W  96.2W  93.8W  91.2W  88.8W  86.2W  83.8W  81.2W  78.8W  76.2W  73.8W  71.2W  68.8W  66.2W  63.8W  61.2W  58.8W  56.2W  
               27     28     29     30     31     32     33     34     35     36     37     38     39     40     41     42     43     44     45     46     47     48     49     50
 36.2N / 51:  10.00   8.50   8.50   7.00  13.00  20.00  17.00  17.00  16.00  13.50  12.50  11.00  12.50  12.50  18.00  25.50  44.50  42.00  42.00  42.00  43.00  40.50  37.50  37.50
 33.8N / 50:  13.50  13.50  12.50  10.50  16.50  19.00  18.50  18.50  14.50  15.00  16.00  12.00  14.50  14.50  22.00  37.00  33.00  34.00  36.00  36.00  39.50  39.50  38.50  40.00
 31.2N / 49:  18.00  18.00  14.00  16.50  23.50  25.00  23.50  18.50  18.50  15.00  15.50  14.50  12.50  29.50  31.50  31.50  27.50  33.00  34.50  33.00  37.00  37.50  37.50  39.00
 28.8N / 48:  24.50  16.00  16.00  12.50  16.00  18.00  20.50  19.50  20.50  21.00  21.00  27.50  23.00  18.50  33.50  30.00  29.50  33.00  33.00  35.50  36.00  36.00  40.50  39.00
 26.2N / 47:  28.50  18.50  14.00  14.00   7.50  11.00  23.50  22.00  24.00  28.50  35.50  34.00  34.00  21.50  30.00  28.50  29.00  31.50  36.00  36.50  39.00  40.00  40.00  40.50
 23.8N / 46:  48.50  23.00  14.00  10.50  10.50   6.50  16.50  20.50  21.00  22.50  29.50  36.00  25.50  26.00  20.50  27.00  27.00  25.50  28.00  35.50  33.50  35.00  41.00  38.00
 21.2N / 45:  61.50  46.50  31.00  17.50   6.00   7.00  21.50  19.00  18.50  16.50  16.50  17.50  21.00  22.00  18.50  15.50  19.00  18.00  21.00  24.00  26.00  33.50  35.00  34.50
 18.8N / 44:  66.00  66.00  54.50  34.00  17.00  14.00   9.00  15.00  13.00  13.50  13.50  16.00  24.00  27.00  24.00  19.50  21.00  19.00  21.50  21.50  21.50  25.00  31.50  26.00
 16.2N / 43:  65.50  60.00  50.50  36.50  21.50  19.00  13.50  17.50  12.50  12.00  12.00  15.50  17.00  25.50  29.50  26.50  25.00  20.00  19.50  18.50  21.50  24.50  22.50  21.00
 13.8N / 42:  58.00  54.00  47.50  41.00  34.00  30.50  24.50  22.50  22.50  15.50  12.50  17.50  22.00  31.50  28.50  27.50  24.50  17.50  15.50  13.00  16.00  21.50  17.50  18.50
 11.2N / 41:  49.50  46.50  41.00  37.50  34.50  35.00  27.00  22.00  19.00  19.50  22.00  24.50  30.50  39.00  33.00  27.00  23.00  23.50  17.50  17.00  17.50  19.50  19.50  20.50
 8.8N  / 40:  40.00  38.00  42.00  38.50  35.00  32.00  26.00  25.50  25.00  24.00  24.00  28.00  30.00  22.50  22.50  21.50  17.00  15.00  15.50  18.00  21.50  15.50  15.00  18.50
 6.2N  / 39:  40.00  41.50  41.50  40.00  36.00  34.00  31.50  31.50  28.00  26.50  31.00  33.50  33.00  29.50  26.00   9.00   9.50  12.50  17.00  21.00  19.00  18.50  16.00  18.00
 3.8N  / 38:  33.50  32.00  33.50  34.00  31.00  29.00  24.50  21.50  23.00  26.00  25.00  24.00  27.50  26.00  21.50   7.00   8.50  13.50  14.00  13.00  13.00  23.00  23.00  16.00
 1.2N  / 37:  19.00  18.50  23.00  23.50  24.50  22.00  18.50  20.50  24.00  23.50  23.00  26.00  25.00  19.50   7.00   5.50   8.50   8.50  10.00  11.00  12.50  17.00  16.00  14.50
 1.2S  / 36:  20.00  22.00  22.00  22.50  19.50  19.50  17.00  17.50  20.00  22.00  23.00  20.00  19.50  10.50   2.00   5.00   7.00   7.50   9.00   8.00  11.00  10.50  12.00  14.50
 3.8S  / 35:  31.00  33.00  31.00  28.50  23.50  24.00  21.00  20.00  19.50  19.00  19.00  20.00  17.00   9.00   2.00   3.50   5.00   5.00   7.00   6.50   6.50   8.00   9.50  11.00
 6.2S  / 34:  39.50  40.50  42.50  40.00  36.00  34.50  31.00  25.00  23.00  21.50  25.00  25.50  25.00  18.00   2.50   3.00   4.50   5.00   4.50   5.00   5.00   5.00   6.50   6.50
 8.8S  / 33:  37.00  41.50  42.00  45.00  42.50  39.00  34.00  34.50  36.00  36.00  36.00  31.50  32.50  31.00  20.50   2.00   5.00   5.00   6.00   4.50   3.50   3.50   4.00   4.00
 11.2S / 32:  36.00  40.00  43.50  44.50  47.50  49.00  47.00  51.00  49.00  48.00  43.50  43.50  41.00  34.50  15.00   2.00   4.50   5.00   6.00   5.50   4.50   4.50   4.50   4.00
 13.8S / 31:  43.00  43.50  47.50  52.00  50.00  48.50  52.00  52.00  48.50  50.00  51.00  50.50  51.00  45.50  33.00  13.00   1.00   2.50   6.50   8.00   6.50   5.00   4.50   4.00
 16.2S / 30:  46.00  50.00  53.50  55.00  52.00  51.50  49.50  46.50  46.50  43.00  43.00  47.50  51.00  51.00  43.50  44.00  24.00   6.00   5.00   6.50   8.50   7.50   8.00   6.50
 18.8S / 29:  41.50  41.50  46.50  53.00  49.50  48.00  46.50  46.00  41.50  36.00  32.00  36.50  32.50  36.00  42.00  53.00  38.50  19.00   ....   ....   7.00  11.00  10.50  10.00
 21.2S / 28:  44.00  42.50  41.00  44.50  44.00  46.00  49.00  50.00  42.50  39.50  39.50  34.50  39.00  32.00  30.50  30.50  38.00  36.00  11.50   6.00  20.00  17.50  14.50  11.00
