             VARIABLE : Mean low cloud amount (%)
             FILENAME : ISCCPMonthly_avg.nc
             FILEPATH : /usr/local/fer_data/data/
             SUBSET   : 24 by 24 points (LONGITUDE-LATITUDE)
             TIME     : 16-JAN-1995 00:00
              113.8W 111.2W 108.8W 106.2W 103.8W 101.2W 98.8W  96.2W  93.8W  91.2W  88.8W  86.2W  83.8W  81.2W  78.8W  76.2W  73.8W  71.2W  68.8W  66.2W  63.8W  61.2W  58.8W  56.2W  
               27     28     29     30     31     32     33     34     35     36     37     38     39     40     41     42     43     44     45     46     47     48     49     50
 36.2N / 51:   7.50   7.00   7.00   7.00  11.00  14.50  25.50  25.50  30.50  31.50  23.00  17.00  19.00  19.00  16.50  27.50  46.50  43.50  43.50  44.00  42.00  41.50  38.50  38.50
 33.8N / 50:  11.50  11.50   9.50   8.50  12.50  17.50  27.50  27.50  34.50  34.50  30.00  20.50  18.50  18.50  21.00  42.00  44.00  38.50  40.00  40.00  38.50  36.50  40.00  36.50
 31.2N / 49:  16.50  16.50  13.50  15.50  12.50  17.50  32.00  37.50  37.50  35.00  32.50  27.50  21.50  31.00  41.00  41.00  36.00  34.00  33.50  33.50  37.50  39.00  39.00  36.50
 28.8N / 48:  20.50  13.50  13.50  14.50  12.50  21.50  30.50  29.50  30.50  25.50  25.50  28.50  24.00  18.50  40.00  38.50  34.00  35.00  35.00  39.50  36.00  37.50  38.50  37.50
 26.2N / 47:  26.00  22.00  15.00  15.00   9.00  17.50  26.50  26.50  29.50  31.50  38.50  38.50  38.50  21.50  26.50  37.50  36.00  36.50  38.50  37.00  37.00  38.00  38.00  35.00
 23.8N / 46:  30.00  24.50  25.00  11.00  11.00   7.50  12.50  21.50  26.00  31.00  35.00  38.00  29.00  26.50  27.00  33.50  33.50  35.00  37.50  36.00  35.50  37.00  37.00  32.00
 21.2N / 45:  29.50  27.50  25.00  25.00   7.00   8.50  16.00  27.00  35.00  25.00  25.00  26.50  28.50  24.50  19.00  19.00  25.50  30.50  30.00  32.50  32.00  33.00  33.00  31.00
 18.8N / 44:  26.50  26.50  21.50  19.00  14.00  12.00  10.50  20.00  28.50  22.50  23.50  26.50  26.00  22.00  17.00  16.50  18.00  21.50  26.00  26.00  27.00  26.00  28.00  28.00
 16.2N / 43:  27.50  23.00  20.00  21.00  19.50  16.00  13.00  14.50  18.00  22.50  22.50  25.00  23.00  29.00  26.00  22.00  20.50  24.00  27.50  23.00  19.50  24.50  25.50  27.00
 13.8N / 42:  26.00  26.00  27.50  27.50  26.00  18.50  15.00  14.00  11.50  12.00  14.50  25.00  27.50  26.50  20.50  19.50  20.00  24.00  26.50  24.00  26.00  30.00  26.00  23.50
 11.2N / 41:  28.50  26.50  26.00  27.00  22.50  19.00  16.50  16.00  15.50  14.50  11.50  20.50  24.00  20.00  20.50  12.00  13.00  14.50  19.50  25.00  26.00  25.00  25.00  24.50
 8.8N  / 40:  28.00  27.00  28.50  28.00  27.00  27.50  24.50  20.50  18.50  17.50  17.50  17.50  15.50  20.50  15.00  14.00  15.50  16.50  15.00  17.50  21.50  20.50  26.50  27.50
 6.2N  / 39:  33.00  33.50  34.50  34.00  39.00  38.00  29.50  25.00  26.00  25.00  26.00  26.50  27.00  25.50  24.50  15.50  15.00  13.50  15.00  17.00  17.00  20.50  21.00  23.00
 3.8N  / 38:  44.50  47.00  47.50  43.50  42.00  40.50  35.50  30.50  31.00  31.00  32.00  31.00  32.50  34.50  30.50  11.50  16.00  13.50  15.00  14.50  16.50  25.00  22.50  19.00
 1.2N  / 37:  43.50  47.00  51.00  54.50  52.50  47.00  46.00  42.00  39.00  37.00  36.50  40.50  40.50  36.50  13.50   9.50  10.50   9.50  12.50  13.50  15.50  18.00  15.50  14.00
 1.2S  / 36:  37.00  43.00  46.50  52.00  50.00  48.50  52.50  51.00  47.50  43.00  43.00  45.00  43.00  30.00   9.00   9.50  10.50  11.50  12.00  13.00  13.50  15.50  13.50  13.00
 3.8S  / 35:  29.00  32.00  38.00  40.50  44.50  46.00  48.50  51.00  50.00  47.50  47.50  43.50  36.50  31.50   8.50  10.00   9.50  11.50  10.50  11.50  10.50  11.50  11.00   9.50
 6.2S  / 34:  25.50  29.50  33.00  32.00  34.50  34.00  36.50  42.00  43.00  44.50  44.50  42.00  34.00  28.50  14.50   8.50  10.50   9.50  10.00   8.50   8.50   9.50   8.50   7.00
 8.8S  / 33:  27.00  26.00  30.50  36.50  39.50  40.00  42.50  43.00  42.50  40.50  40.50  39.00  36.00  34.00  24.00   7.50  10.00  10.50   8.00   7.50   6.50   6.50   7.00   6.00
 11.2S / 32:  34.50  32.00  30.00  30.50  36.50  42.00  46.00  46.00  48.00  48.50  47.00  44.00  44.00  33.00  17.00   4.00   6.50   7.50   6.50   7.50   7.50   6.50   6.50   7.50
 13.8S / 31:  34.50  36.00  39.00  41.00  44.00  45.50  46.50  45.00  44.00  47.00  50.50  52.00  52.50  46.50  35.50  11.00   3.50   4.50   6.00   8.00   8.50   7.00   8.00   9.00
 16.2S / 30:  31.00  37.50  41.00  45.50  46.50  49.00  48.00  46.50  49.50  51.00  51.00  55.00  56.50  56.00  48.50  41.00  28.50  10.50   6.50   5.00   7.00   8.50   7.50   9.50
 18.8S / 29:  34.00  34.00  37.00  42.50  47.50  47.00  44.50  45.50  50.50  54.50  59.00  60.00  57.00  48.00  47.00  46.00  43.50  14.00   ....   ....   6.50  13.00   9.50  13.00
 21.2S / 28:  31.00  31.50  32.50  39.00  48.00  50.00  51.00  52.50  54.00  56.00  56.00  60.50  57.00  57.00  53.50  51.50  52.00  37.50  12.50   7.00  17.50  18.50  12.00  12.00
