             VARIABLE : Mean low cloud amount (%)
             FILENAME : ISCCPMonthly_avg.nc
             FILEPATH : /usr/local/fer_data/data/
             SUBSET   : 24 by 24 points (LONGITUDE-LATITUDE)
             TIME     : 16-APR-1997 00:00
              113.8W 111.2W 108.8W 106.2W 103.8W 101.2W 98.8W  96.2W  93.8W  91.2W  88.8W  86.2W  83.8W  81.2W  78.8W  76.2W  73.8W  71.2W  68.8W  66.2W  63.8W  61.2W  58.8W  56.2W  
               27     28     29     30     31     32     33     34     35     36     37     38     39     40     41     42     43     44     45     46     47     48     49     50
 36.2N / 51:  29.00  17.50  17.50  14.00  19.00  26.00  27.00  27.00  24.00  23.50  22.50  21.50  26.50  26.50  29.50  33.50  46.00  38.00  38.00  40.50  44.00  39.50  44.00  44.00
 33.8N / 50:  25.50  25.50  19.50  17.50  23.50  27.50  24.00  24.00  21.50  26.00  23.50  21.00  22.50  22.50  25.00  30.50  30.00  31.00  32.00  32.00  36.00  34.00  34.50  33.00
 31.2N / 49:  21.00  21.00  24.00  20.50  26.00  27.50  25.50  21.00  21.00  20.50  19.00  18.50  18.50  22.50  28.00  28.00  27.00  26.50  29.00  32.50  33.50  34.00  34.00  32.00
 28.8N / 48:  24.50  21.50  21.50  20.00  21.50  25.50  23.50  20.00  24.00  23.50  23.50  24.00  18.00  19.50  28.00  29.50  29.00  29.50  29.50  31.50  33.00  34.50  36.50  36.50
 26.2N / 47:  21.00  21.00  19.00  19.00  15.00  20.00  22.50  21.50  28.00  27.50  28.50  23.50  23.50  19.50  24.00  33.00  36.00  29.50  32.50  32.50  37.00  39.50  39.50  38.50
 23.8N / 46:  33.00  21.50  16.50  13.00  13.00  10.00  15.00  22.00  28.50  30.50  28.00  23.50  22.50  26.00  25.50  33.50  33.50  31.00  31.50  33.00  34.00  37.50  40.00  35.50
 21.2N / 45:  32.50  29.00  24.50  18.00  10.00  11.00  18.00  29.50  32.50  19.00  19.00  17.50  20.50  23.50  22.50  23.00  28.50  30.00  28.50  29.50  32.00  33.00  36.00  32.00
 18.8N / 44:  31.50  31.50  29.50  26.00  23.00  19.50  17.50  20.00  28.00  23.50  18.50  21.50  22.50  24.50  22.50  23.50  26.00  24.50  22.50  22.50  26.00  28.00  26.00  26.50
 16.2N / 43:  39.00  33.50  33.00  30.00  27.50  23.50  17.00  22.00  19.50  19.50  19.50  20.50  22.50  27.00  26.00  21.50  17.00  17.50  19.50  18.00  20.00  24.00  20.50  19.50
 13.8N / 42:  36.50  36.50  32.50  30.00  27.50  27.50  26.00  24.50  23.00  21.50  19.50  22.00  20.50  27.50  27.50  24.00  21.50  24.00  22.00  18.50  20.00  25.50  23.00  23.50
 11.2N / 41:  31.00  28.50  27.00  30.00  27.00  25.50  24.50  18.50  18.50  18.50  17.50  19.50  23.50  30.50  37.50  24.50  26.50  27.00  25.00  27.00  28.00  28.50  28.50  28.50
 8.8N  / 40:  26.00  26.00  27.50  27.00  23.00  24.00  23.00  18.00  20.00  18.50  18.50  20.50  20.50  21.50  26.00  23.00  16.50  13.00  17.00  22.50  26.00  25.50  28.00  32.00
 6.2N  / 39:  27.00  25.00  25.00  27.50  25.50  26.50  28.00  25.00  25.50  27.00  24.00  23.50  26.00  31.50  30.00   8.00   8.00  11.50  19.00  21.00  18.50  17.00  16.50  21.50
 3.8N  / 38:  23.50  24.50  25.50  24.50  24.50  23.50  21.50  19.00  21.50  22.50  23.00  20.50  29.00  33.00  26.50   6.00   7.00  12.00  14.00  12.50  13.00  20.50  18.00  14.00
 1.2N  / 37:  20.00  21.00  18.00  18.50  19.00  17.50  19.50  18.00  18.00  22.50  22.00  27.50  38.50  34.00   9.00   5.00   7.50   8.00   8.00   9.00  11.00  13.50  10.50  10.50
 1.2S  / 36:  20.00  21.00  22.00  21.50  20.50  20.50  24.50  22.50  22.00  25.50  28.00  29.50  31.00  20.00   6.50   6.00   8.00   8.50   7.00   6.50   6.50   7.00   8.50   9.50
 3.8S  / 35:  29.00  27.00  32.50  31.50  27.00  26.00  26.00  28.00  31.50  35.00  33.00  37.50  34.50  24.00   8.50   8.00   9.50  10.50   8.00   5.50   5.00   6.00   7.50   8.50
 6.2S  / 34:  22.50  25.50  32.00  37.00  35.50  35.00  34.00  32.00  34.50  35.00  39.00  44.00  37.50  24.50  12.50   7.50  12.00  11.00  11.00   8.00   6.00   5.00   5.50   7.50
 8.8S  / 33:  26.50  29.50  30.50  32.00  35.50  39.50  40.50  35.50  35.50  39.00  39.00  39.00  40.50  33.50  25.00   8.00  13.00  12.00  12.50  10.50   8.00   7.50   6.50   7.00
 11.2S / 32:  25.50  29.00  30.50  32.00  33.00  35.00  38.00  37.00  37.00  38.00  39.50  41.50  42.00  31.50  16.50   8.50  11.00  15.00  14.00  11.50  10.00   9.00   9.00  10.50
 13.8S / 31:  30.00  28.00  31.00  32.00  30.50  35.00  38.50  40.50  41.00  41.50  48.00  51.50  55.00  48.00  21.50  11.50   8.00   8.00  13.00  16.50  15.50  12.00  13.50  12.00
 16.2S / 30:  29.00  30.00  29.00  32.50  35.50  39.50  42.50  41.50  40.50  44.00  44.00  51.50  57.50  58.00  56.00  34.00  21.00   8.00   7.50  12.00  15.50  16.00  14.00  12.00
 18.8S / 29:  32.50  32.50  34.00  37.00  37.50  35.50  40.00  43.50  44.00  42.50  50.00  56.50  59.50  57.50  59.00  62.50  60.50  18.50   ....   ....   9.00  18.50  19.00  16.00
 21.2S / 28:  33.00  36.50  34.50  37.00  38.50  40.50  41.00  42.50  49.50  51.00  51.00  56.00  55.00  55.00  55.00  54.00  66.00  50.50   9.00   3.00  19.00  19.00  15.00  13.50
