             VARIABLE : Mean high cloud amount (%)
             FILENAME : ISCCPMonthly_avg.nc
             FILEPATH : /usr/local/fer_data/data/
             SUBSET   : 24 by 24 points (LONGITUDE-LATITUDE)
             TIME     : 16-JUL-1995 00:00
              113.8W 111.2W 108.8W 106.2W 103.8W 101.2W 98.8W  96.2W  93.8W  91.2W  88.8W  86.2W  83.8W  81.2W  78.8W  76.2W  73.8W  71.2W  68.8W  66.2W  63.8W  61.2W  58.8W  56.2W  
               27     28     29     30     31     32     33     34     35     36     37     38     39     40     41     42     43     44     45     46     47     48     49     50
 36.2N / 51:   8.00  10.50  10.50  10.50  12.00  12.50  13.00  13.00  13.50  13.50  15.50  12.50  12.50  12.50  12.50  11.50  12.00  14.00  14.00  10.00   8.50   8.00   6.00   6.00
 33.8N / 50:   7.50   7.50  11.50   7.50   7.50   9.50  12.50  12.50  13.00  12.00  13.00  10.50  13.50  13.50  15.50  15.50  19.00  20.00  15.00  15.00  10.50   7.50   4.50   4.50
 31.2N / 49:   9.50   9.50  12.50   7.00   5.50   6.50  12.50  16.00  16.00  15.50  16.50  17.00  17.50  13.00  18.00  18.00  17.50  16.50  17.00  10.50   8.50   7.00   7.00   6.00
 28.8N / 48:   7.00  22.50  22.50  13.00   8.00   7.50   7.00   8.00  12.50  15.00  15.00  16.00  19.00  17.50  18.00  15.50  14.00  12.00  12.00  10.00  10.50   8.00   7.50   3.50
 26.2N / 47:   4.00  15.50  26.00  26.00  18.50   9.50  10.50   3.50   4.50   7.50  11.50  17.50  17.50  22.50  22.00  17.50  13.00  13.00  15.00  13.50  11.00  10.50  10.50   4.00
 23.8N / 46:   2.50   6.50  25.50  34.50  34.50  16.50  15.00   9.00   6.50   5.50  10.00  11.50  16.50  20.00  19.50  11.50  11.50  10.00  12.50  17.50  16.00  11.50   9.00   4.50
 21.2N / 45:   3.50   5.00  13.00  34.50  36.00  22.00  21.00  16.00  10.00  17.00  17.00  17.00  18.00  19.00  20.50  19.50  11.50  11.50  14.50  15.00  12.00  12.50   8.50   6.00
 18.8N / 44:   9.50   9.50  16.00  22.50  25.00  33.50  29.50  29.00  27.00  24.50  26.00  19.00  16.00  13.00  13.00  13.50  14.50  19.50  16.00  16.00  12.00   7.50  10.50   8.50
 16.2N / 43:  17.00  19.50  24.00  27.00  28.50  34.50  36.00  34.00  33.00  31.50  31.50  24.00  25.00  20.00  17.00  12.00  10.50   9.50  11.50  12.00   7.50   6.50   6.00   4.00
 13.8N / 42:  32.50  34.00  29.50  31.00  33.50  40.00  38.50  33.00  33.50  35.50  35.50  30.00  37.50  24.50  17.50  11.50   8.50   9.50  11.50   8.50   6.50   7.00   5.50   3.00
 11.2N / 41:  45.50  39.00  37.50  35.50  38.50  47.00  37.00  29.00  27.50  28.00  28.50  37.00  44.00  38.50  32.00  26.50  24.50  20.00  16.00  10.00  13.00  10.50  10.50   9.50
 8.8N  / 40:  39.00  37.50  38.50  43.50  43.50  44.00  42.50  42.50  36.00  32.00  32.00  36.00  46.00  49.00  48.50  46.50  47.50  38.00  28.00  29.00  28.00  25.50  17.00  13.00
 6.2N  / 39:  20.00  20.00  17.00  18.50  22.00  22.00  29.00  31.00  35.50  35.50  36.50  41.00  43.50  44.50  48.50  48.50  41.50  27.50  32.50  37.50  36.50  30.00  26.00  18.00
 3.8N  / 38:   3.50   4.50   4.50   4.00   4.50   5.50   5.50   7.00   9.00   9.50   9.50  13.00  21.50  26.50  38.00  31.00  23.00  25.00  31.00  32.50  26.00  25.50  23.50  18.00
 1.2N  / 37:   1.50   1.00   1.00   0.50   0.50   0.50   1.50   2.00   2.50   2.00   1.50   2.50   4.50  10.50  19.50  18.00  20.00  20.50  24.50  25.00  20.50  22.50  19.00  13.00
 1.2S  / 36:   1.50   0.50   0.00   0.00   0.00   0.00   0.50   1.00   1.00   1.50   1.50   1.50   3.00   4.50  13.00  17.50  17.50  19.00  20.50  20.50  21.50  21.50  14.50   9.00
 3.8S  / 35:   2.00   1.50   0.50   0.00   0.00   0.00   0.00   0.50   0.50   1.00   1.50   2.00   2.00   3.50  13.00  15.50  14.50  13.00  13.50  13.00  12.50  13.50   8.50   5.00
 6.2S  / 34:   0.00   0.50   0.50   0.00   0.00   0.00   0.00   0.00   0.00   0.00   0.50   0.50   1.50   1.50   5.50   9.00   9.00   8.00   9.50   8.50   5.00   3.50   1.50   1.00
 8.8S  / 33:   0.00   0.00   0.00   0.00   0.00   0.00   0.00   0.00   0.00   0.00   0.00   0.00   0.00   0.50   0.50   2.50   4.00   3.00   3.50   3.50   2.50   0.50   0.00   0.00
 11.2S / 32:   0.00   0.00   0.00   0.00   0.00   0.00   0.00   0.00   0.00   0.00   0.00   0.00   0.00   0.00   0.00   2.50   4.00   5.00   2.50   1.50   1.50   0.50   0.50   0.00
 13.8S / 31:   0.00   0.00   0.00   0.00   0.00   0.00   0.00   0.00   0.00   0.00   0.00   0.00   0.00   0.00   0.00   0.50   2.50   5.00   6.00   3.00   0.50   0.00   0.00   0.00
 16.2S / 30:   0.00   0.00   0.00   0.00   0.00   0.00   0.00   0.00   0.00   0.00   0.00   0.00   0.00   0.00   0.00   0.00   0.00   1.50   4.50   2.50   3.00   1.50   0.00   0.00
 18.8S / 29:   0.00   0.00   0.00   0.00   0.00   0.00   0.00   0.00   0.00   0.00   0.00   0.00   0.00   0.00   0.00   0.00   0.00   1.00   4.50   4.50   2.00   4.00   4.00   1.50
 21.2S / 28:   1.00   0.50   0.00   0.00   0.00   0.00   0.00   0.00   0.00   0.00   0.00   0.00   0.00   0.00   0.00   0.00   0.00   0.00   3.00   3.00   1.50   3.00   5.50   4.00
