             VARIABLE : Mean high cloud amount (%)
             FILENAME : ISCCPMonthly_avg.nc
             FILEPATH : /usr/local/fer_data/data/
             SUBSET   : 24 by 24 points (LONGITUDE-LATITUDE)
             TIME     : 16-FEB-1998 00:00
              113.8W 111.2W 108.8W 106.2W 103.8W 101.2W 98.8W  96.2W  93.8W  91.2W  88.8W  86.2W  83.8W  81.2W  78.8W  76.2W  73.8W  71.2W  68.8W  66.2W  63.8W  61.2W  58.8W  56.2W  
               27     28     29     30     31     32     33     34     35     36     37     38     39     40     41     42     43     44     45     46     47     48     49     50
 36.2N / 51:  27.00  21.50  21.50  17.50  14.00   9.00  14.00  14.00  20.50  18.50  20.50  21.50  20.50  20.50  21.00  21.50  23.50  25.00  25.00  24.50  25.00  26.00  26.00  26.00
 33.8N / 50:  18.50  18.50  18.00  14.50  13.50  14.00  17.00  17.00  20.50  19.00  19.00  17.50  18.00  18.00  20.00  24.50  24.50  23.00  20.00  20.00  21.50  21.50  21.50  21.50
 31.2N / 49:   8.50   8.50   9.50   8.50   8.50   9.50  15.00  17.50  17.50  17.00  15.50  16.50  18.50  22.00  24.50  24.50  24.00  21.50  19.00  18.00  16.50  16.50  16.50  16.50
 28.8N / 48:   3.50   3.50   3.50   5.00   5.50   6.00  11.00  13.50  14.50  14.00  14.00  15.50  18.00  20.00  19.00  17.50  15.00  13.00  13.00  12.00  10.50  10.50   9.50  11.00
 26.2N / 47:   1.00   2.00   3.50   3.50   4.50   4.00   6.00   8.50   9.00   9.00  11.50  14.00  14.00  14.00  12.00   9.00   8.50   8.00   8.00   8.00   6.00   6.50   6.50   6.00
 23.8N / 46:   0.50   1.00   2.50   3.50   3.50   3.50   3.50   4.50   5.00   6.50   6.50   6.00   7.50   6.50   5.00   6.50   6.50   6.00   5.50   5.50   5.50   5.00   4.00   3.00
 21.2N / 45:   0.00   0.00   0.00   1.00   1.00   1.00   2.00   3.50   3.00   4.00   4.00   3.00   3.50   2.50   3.50   5.00   4.00   3.00   2.50   3.00   3.00   1.50   1.50   1.00
 18.8N / 44:   0.00   0.00   0.00   0.00   0.00   0.50   1.50   2.00   1.50   3.00   2.50   2.00   1.50   2.50   2.00   2.00   2.00   1.50   1.50   1.50   1.50   1.00   0.50   0.50
 16.2N / 43:   0.00   0.50   0.50   0.50   0.50   1.00   0.50   0.50   2.00   2.00   2.00   1.50   1.50   1.00   1.00   0.00   0.00   0.50   0.50   0.50   0.50   0.50   0.00   0.00
 13.8N / 42:   1.50   1.00   1.00   1.50   3.00   2.50   1.00   1.00   1.50   2.00   2.00   2.50   1.00   1.00   0.50   0.50   0.50   0.50   0.00   0.00   0.00   0.50   0.50   0.00
 11.2N / 41:   2.00   1.50   2.50   3.50   4.00   2.00   2.00   2.00   2.50   2.00   2.50   1.50   1.50   1.00   1.50   2.00   4.00   3.50   3.00   1.00   1.00   0.50   0.50   0.50
 8.8N  / 40:   4.00   3.50   4.00   5.50   4.00   3.50   3.00   3.00   3.50   5.00   5.00   4.00   3.50   5.50   6.50   6.50  10.00  11.00   9.50   4.50   3.00   2.50   2.00   1.50
 6.2N  / 39:   7.50   8.00   8.50  10.00   7.50   9.50  13.00  15.00  12.50  13.50  13.00  10.00  11.00  14.00  17.00  23.50  21.00  14.50  11.00   8.00   3.00   3.00   2.50   1.50
 3.8N  / 38:  22.00  19.00  16.50  17.50  22.00  27.00  29.50  33.00  28.50  27.50  29.00  27.50  20.50  23.00  29.50  34.00  26.00  22.50  21.50  19.00  11.50   5.50   3.00   2.00
 1.2N  / 37:  43.00  40.50  34.50  31.00  30.50  36.50  36.00  34.50  29.50  30.00  32.00  28.00  26.00  35.50  42.50  35.00  35.00  35.50  30.50  25.00  15.50  10.50  10.50   8.00
 1.2S  / 36:  37.50  37.50  37.00  33.00  37.00  38.00  40.00  38.50  35.50  37.50  37.00  38.50  36.50  49.00  46.50  39.50  42.50  42.50  32.00  30.00  24.00  24.00  26.00  17.00
 3.8S  / 35:  23.00  23.00  29.00  28.50  34.50  35.00  34.50  33.50  37.00  41.00  39.00  38.50  43.00  54.00  44.00  44.50  44.50  47.00  42.00  40.00  37.00  35.50  33.50  24.50
 6.2S  / 34:  14.50  12.50  13.50  14.00  16.50  18.50  16.00  21.00  30.50  37.50  34.00  34.50  29.50  37.50  39.00  41.50  44.50  49.00  49.00  47.00  45.00  45.00  42.00  36.50
 8.8S  / 33:   7.00   6.50   6.50   7.00   8.50   7.50  13.00  20.00  20.00  21.50  21.50  24.00  19.00  12.50  22.00  44.00  42.00  43.50  43.00  43.00  48.00  51.00  52.50  48.00
 11.2S / 32:   2.00   3.50   3.50   3.50   3.00   3.00   2.50   4.50   5.50   6.50   8.50   8.50   8.00   5.00  25.50  43.00  39.00  37.00  32.50  38.50  46.00  50.50  50.50  49.00
 13.8S / 31:   0.00   0.00   0.50   0.50   2.00   1.00   1.00   1.00   2.00   2.00   1.50   2.50   3.00   3.00   5.00  25.50  44.50  44.00  31.00  33.00  36.50  45.50  50.00  47.50
 16.2S / 30:   0.00   0.00   0.00   0.00   0.50   0.50   0.50   0.50   0.50   1.00   1.00   0.50   1.00   1.00   1.50   3.00  17.00  35.50  35.50  31.00  31.00  35.50  44.00  50.50
 18.8S / 29:   0.00   0.00   0.00   0.00   0.00   0.00   0.50   0.50   0.50   0.50   1.50   1.00   0.50   0.00   0.50   1.50   3.00  14.50  27.00  27.00  31.50  26.50  26.50  36.50
 21.2S / 28:   0.50   0.50   0.00   0.00   0.00   0.00   0.00   0.00   0.00   1.50   1.50   3.00   2.00   0.50   0.00   0.00   1.00   1.00   7.50  20.00  19.00  20.50  27.00  39.50
