             VARIABLE : Mean low cloud amount (%)
             FILENAME : ISCCPMonthly_avg.nc
             FILEPATH : /usr/local/fer_data/data/
             SUBSET   : 24 by 24 points (LONGITUDE-LATITUDE)
             TIME     : 16-SEP-2000 00:00
              113.8W 111.2W 108.8W 106.2W 103.8W 101.2W 98.8W  96.2W  93.8W  91.2W  88.8W  86.2W  83.8W  81.2W  78.8W  76.2W  73.8W  71.2W  68.8W  66.2W  63.8W  61.2W  58.8W  56.2W  
               27     28     29     30     31     32     33     34     35     36     37     38     39     40     41     42     43     44     45     46     47     48     49     50
 36.2N / 51:  22.00  14.00  14.00  11.00  16.00  20.50  23.00  23.00  25.00  25.50  22.50  19.50  16.00  16.00  15.50  19.50  34.50  32.00  32.00  27.50  26.50  26.50  27.00  27.00
 33.8N / 50:  17.50  17.50  12.50  11.50  12.00  20.50  26.00  26.00  28.00  23.50  20.50  15.50  13.00  13.00  15.00  25.00  30.50  30.50  29.50  29.50  27.50  28.00  24.50  25.00
 31.2N / 49:  16.00  16.00  14.50  12.00  15.50  15.50  23.50  25.00  25.00  21.00  16.50  13.50  12.00  23.00  27.50  27.50  29.50  28.50  33.50  27.00  28.50  33.00  33.00  26.00
 28.8N / 48:  15.50  15.00  15.00  12.00  13.50  14.50  20.50  25.00  33.50  27.00  27.00  29.00  22.50  15.00  26.00  27.50  29.50  30.50  30.50  24.50  26.00  28.00  26.00  25.00
 26.2N / 47:  16.00  21.50  11.50  11.50  10.00  12.00  18.00  31.50  40.50  33.50  30.00  25.00  25.00  17.00  21.50  34.50  32.00  31.00  26.50  25.50  25.50  26.50  26.50  27.00
 23.8N / 46:  35.00  21.00  16.50   8.00   8.00  12.50  17.00  30.50  35.50  31.00  30.00  24.50  18.00  20.00  27.00  31.50  31.50  29.50  23.00  23.50  27.50  29.50  28.00  24.00
 21.2N / 45:  41.50  38.00  36.00  17.00   9.00  14.50  14.50  28.00  29.50  15.50  15.50  15.00  20.00  18.50  16.00  16.50  21.00  22.50  22.00  21.50  20.00  24.50  27.00  21.00
 18.8N / 44:  39.00  39.00  33.00  26.50  13.50   8.50   8.00   8.00  15.50  12.50  12.00  25.50  25.00  23.00  20.00  18.50  14.50  14.50  16.00  16.00  19.50  21.00  23.00  24.00
 16.2N / 43:  35.50  29.00  20.50  17.50  21.00  14.00   6.00   7.50   4.50   8.00   8.00  17.00  20.00  23.00  23.50  26.50  24.50  24.50  23.50  21.00  21.00  23.00  23.00  23.50
 13.8N / 42:  26.00  30.00  24.00  20.00  19.00  18.00  14.00  13.50  14.50  10.00   8.50  10.50  14.00  26.50  25.50  27.50  30.50  26.50  24.50  21.00  21.00  23.50  25.50  25.00
 11.2N / 41:  24.00  21.50  20.50  15.50  13.00  14.00  14.50  15.00  16.50  19.50  19.50  10.00  18.00  22.50  22.00  17.50  14.00  19.00  17.50  20.50  19.50  22.50  22.50  25.50
 8.8N  / 40:  29.00  26.00  25.00  20.50  18.50  17.00  21.00  22.00  18.50  21.50  21.50  21.00  12.50  10.00  11.00   8.00   7.00   7.50   9.50  12.00  13.00  13.00  18.50  25.00
 6.2N  / 39:  48.00  45.00  42.00  38.50  35.00  35.50  34.50  37.00  33.00  29.00  26.50  24.00  21.50  17.00  14.50   3.00   5.50   7.50  11.50   9.50  10.00  11.50  13.50  15.50
 3.8N  / 38:  59.50  57.00  52.00  56.00  60.00  57.50  55.50  56.50  49.50  52.00  49.50  40.50  35.50  29.00  15.50   4.50   6.00   9.50   8.50   8.50  10.00  15.00  17.00  12.00
 1.2N  / 37:  40.50  42.00  41.00  47.50  50.00  49.50  52.00  55.00  54.00  49.00  51.00  51.50  51.50  38.00   7.50   5.50   8.00   9.00   9.50  10.00  12.50  13.50  14.50  14.00
 1.2S  / 36:  31.00  35.00  34.50  39.50  36.50  32.00  33.00  33.50  28.00  32.50  38.00  29.50  20.00  16.50   7.50   9.00   8.50  10.00  11.00  11.00  13.00  13.50  14.50  13.50
 3.8S  / 35:  26.00  32.50  39.00  43.50  50.00  45.50  45.00  46.50  48.00  54.50  47.00  31.00  16.00  12.00   6.00   9.00  10.50  11.50  12.50  10.50  11.50  12.00  12.00  11.00
 6.2S  / 34:  27.00  30.50  36.00  45.50  47.50  55.50  56.50  56.50  61.00  68.00  65.50  57.50  40.50  16.00  10.00   8.50  11.00  13.50  12.00  11.50  10.00  10.50  11.00  11.00
 8.8S  / 33:  37.50  39.50  49.50  53.00  54.50  58.00  62.00  67.00  71.00  70.50  70.50  71.00  67.00  49.00  23.00   8.00  13.50  14.00  14.50  13.00  12.00  14.00  13.00  11.00
 11.2S / 32:  49.50  50.00  52.50  57.50  59.00  63.50  66.00  71.00  72.00  72.00  65.00  62.00  56.50  56.00  21.00  10.00  12.50  14.50  15.50  16.50  15.50  14.00  14.00  14.50
 13.8S / 31:  49.00  56.50  58.00  59.50  63.00  64.00  63.50  66.00  67.50  68.50  64.00  59.50  52.50  50.00  47.00  15.00  12.00   9.50  13.00  20.00  18.00  16.00  19.50  19.50
 16.2S / 30:  49.50  56.00  59.50  61.00  61.00  63.50  65.00  61.50  60.00  56.00  56.00  51.50  39.00  35.00  35.00  31.50  20.00  13.00   7.50  13.00  18.00  21.00  22.00  22.00
 18.8S / 29:  39.00  39.00  46.00  48.50  49.00  56.00  63.50  65.50  63.50  60.50  55.50  52.00  44.50  36.50  28.00  25.00  25.00  15.50   8.50   8.50  10.50  22.00  26.50  25.50
 21.2S / 28:  46.00  45.00  43.00  41.50  45.00  48.00  57.50  63.00  65.50  58.50  58.50  58.00  54.50  48.00  45.00  34.50  36.50  33.50  13.50   ....  24.00  28.50  26.50  23.00
