             VARIABLE : Mean low cloud amount (%)
             FILENAME : ISCCPMonthly_avg.nc
             FILEPATH : /usr/local/fer_data/data/
             SUBSET   : 24 by 24 points (LONGITUDE-LATITUDE)
             TIME     : 16-JUL-1995 00:00
              113.8W 111.2W 108.8W 106.2W 103.8W 101.2W 98.8W  96.2W  93.8W  91.2W  88.8W  86.2W  83.8W  81.2W  78.8W  76.2W  73.8W  71.2W  68.8W  66.2W  63.8W  61.2W  58.8W  56.2W  
               27     28     29     30     31     32     33     34     35     36     37     38     39     40     41     42     43     44     45     46     47     48     49     50
 36.2N / 51:  22.00  16.00  16.00  16.00  18.00  23.00  22.50  22.50  16.00  13.00  14.00  14.50  14.50  14.50  12.50  16.50  29.00  29.50  29.50  33.00  32.50  30.50  34.00  34.00
 33.8N / 50:  25.50  25.50  15.50  16.50  17.50  22.00  24.00  24.00  17.50  15.00  14.50  16.00  14.00  14.00  15.50  20.50  24.50  21.00  24.00  24.00  28.50  27.50  27.00  32.00
 31.2N / 49:  25.50  25.50  20.00  22.00  21.50  24.00  18.50  14.50  14.50  14.00  13.00  13.50  14.00  20.00  23.50  23.50  22.50  22.00  20.00  25.00  26.50  27.50  27.50  27.00
 28.8N / 48:  35.00  20.00  20.00  18.00  22.50  20.50  20.50  16.00  17.00  17.50  17.50  26.50  22.50  16.50  24.50  22.00  21.50  23.00  23.00  23.50  23.00  26.00  24.00  23.50
 26.2N / 47:  27.00  26.50  12.50  12.50  17.00  18.50  20.00  19.50  20.50  17.50  24.50  27.50  27.50  19.00  18.50  22.50  18.50  19.00  20.50  21.00  21.50  21.00  21.00  19.00
 23.8N / 46:  21.00  24.00  16.50   8.00   8.00  11.00  13.50  17.50  20.50  21.50  25.00  28.50  23.50  20.50  22.50  23.50  23.50  19.00  19.00  20.00  19.00  19.50  18.50  20.50
 21.2N / 45:  17.00  22.00  24.00  14.50   6.00  10.50  13.50  21.50  23.50  16.00  16.00  18.50  23.50  22.50  18.00  18.50  25.50  20.00  19.50  19.00  20.50  19.50  22.00  20.50
 18.8N / 44:  26.50  26.50  24.50  26.00  17.00   9.00   6.50   9.00  16.00  14.50  12.00  22.00  24.00  24.50  22.00  24.50  17.50  18.00  18.00  18.00  21.50  21.50  19.00  24.00
 16.2N / 43:  24.00  24.00  23.50  23.00  21.50  18.00   9.50  10.50   6.50   8.50   8.50  16.00  17.00  19.50  21.00  23.50  23.00  21.50  21.50  18.00  17.50  24.50  24.00  26.00
 13.8N / 42:  21.00  20.00  23.50  21.00  19.00  18.50  21.50  22.50  20.00  12.50   9.00  11.50  12.50  22.50  24.50  25.50  22.50  23.00  21.50  23.50  23.50  27.50  25.50  25.50
 11.2N / 41:  15.50  17.00  18.50  19.00  18.00  16.50  21.50  25.50  26.00  24.00  23.00  10.50  13.00  20.00  22.00  17.50  14.00  17.50  15.00  23.00  22.50  24.50  24.50  25.00
 8.8N  / 40:  20.50  22.50  19.00  17.00  17.00  18.50  19.00  17.50  20.00  20.00  20.00  18.50  12.00   6.50   9.00   8.00   6.00   5.50   8.00  11.00  10.50  11.50  18.00  24.00
 6.2N  / 39:  32.50  35.00  38.50  35.00  34.50  32.50  28.50  26.50  25.00  24.50  24.00  22.00  19.00  16.50  14.00   3.50   4.50   5.50   9.50   9.50   8.50   7.50   9.50  14.00
 3.8N  / 38:  38.50  43.00  47.00  48.50  52.00  46.00  50.00  44.50  46.50  44.50  43.50  43.50  33.00  29.00  19.00   4.00   6.00   9.50   9.50   8.50   8.50  10.50  11.50  12.00
 1.2N  / 37:  37.50  39.00  43.50  36.50  36.50  39.50  38.00  37.50  35.50  35.00  37.50  47.00  48.50  39.00  10.00   6.00  10.00  10.00  10.00   9.50  10.50  13.00  13.50  14.50
 1.2S  / 36:  30.50  36.50  40.50  31.00  30.50  33.50  31.50  31.00  25.50  29.00  31.00  36.00  34.00  24.00   7.00   9.00  10.50  11.00  11.00  12.50  13.00  13.50  15.00  15.00
 3.8S  / 35:  27.00  29.50  34.00  36.50  39.50  37.00  35.00  39.00  44.00  46.00  49.00  40.50  18.50  14.00   8.50  10.00  12.00  12.50  13.00  13.00  14.00  14.00  14.00  12.00
 6.2S  / 34:  30.00  35.50  42.00  43.50  45.50  54.50  49.50  46.50  50.50  58.50  64.50  62.50  49.50  27.00  11.00   9.50  11.00  13.00  14.00  13.00  10.50  12.50  10.00   8.00
 8.8S  / 33:  35.50  43.00  47.50  53.50  57.00  60.50  58.00  60.00  57.00  64.00  64.00  71.00  74.00  64.50  33.00   9.50  10.50  10.00  11.00  10.50   8.00   9.00   5.00   5.50
 11.2S / 32:  35.50  40.00  45.00  51.00  54.00  60.00  60.50  60.00  60.50  63.00  65.00  71.00  71.50  72.00  28.50  10.50  11.50  11.00  10.00   8.50   8.00   5.00   5.00   4.50
 13.8S / 31:  37.50  44.00  49.50  54.00  53.50  59.50  59.00  54.50  57.00  60.00  60.00  59.00  57.50  52.50  56.00  11.50   7.00   8.50  11.50  14.00  11.50   8.00  11.00   8.50
 16.2S / 30:  42.50  44.50  48.00  52.50  50.50  53.50  57.00  53.50  54.00  58.00  58.00  55.50  51.00  40.50  38.50  41.00  20.50   6.50   3.50  11.50  17.50  16.50  13.50  11.00
 18.8S / 29:  43.00  43.00  42.50  46.50  47.00  49.00  52.50  53.50  54.50  52.50  55.00  55.00  52.00  46.00  40.50  37.50  35.00  14.50   ....   ....   5.00  23.50  25.00  15.50
 21.2S / 28:  42.50  42.00  43.50  48.00  46.50  46.50  51.50  53.00  52.00  51.50  51.50  52.50  54.50  53.00  57.50  50.00  54.00  41.50   8.00   3.50  24.00  31.00  20.50  14.00
