             VARIABLE : Mean low cloud amount (%)
             FILENAME : ISCCPMonthly_avg.nc
             FILEPATH : /usr/local/fer_data/data/
             SUBSET   : 24 by 24 points (LONGITUDE-LATITUDE)
             TIME     : 16-AUG-1997 00:00
              113.8W 111.2W 108.8W 106.2W 103.8W 101.2W 98.8W  96.2W  93.8W  91.2W  88.8W  86.2W  83.8W  81.2W  78.8W  76.2W  73.8W  71.2W  68.8W  66.2W  63.8W  61.2W  58.8W  56.2W  
               27     28     29     30     31     32     33     34     35     36     37     38     39     40     41     42     43     44     45     46     47     48     49     50
 36.2N / 51:  22.00  14.50  14.50  12.00  13.00  14.50  15.00  15.00  14.50  16.00  15.50  16.50  18.50  18.50  15.50  18.00  27.00  23.50  23.50  23.00  25.50  26.00  26.50  26.50
 33.8N / 50:  21.50  21.50  14.50  13.00  13.50  15.50  17.50  17.50  16.00  14.00  12.50  13.00  13.50  13.50  15.50  21.00  22.00  19.00  22.50  22.50  23.00  20.50  19.00  23.50
 31.2N / 49:  19.00  19.00  14.50  14.50  15.00  17.00  14.50  13.00  13.00  13.00  12.00  13.50  13.50  20.50  24.50  24.50  24.00  24.00  22.00  23.50  22.50  20.00  20.00  24.50
 28.8N / 48:  21.00  15.50  15.50   8.50  18.50  17.50  16.50  13.50  18.00  18.50  18.50  20.00  20.50  18.00  26.50  26.00  25.50  24.00  24.00  25.50  24.00  18.50  24.00  22.00
 26.2N / 47:  22.00  18.50   8.50   8.50  14.00  18.00  18.00  17.00  20.50  19.00  20.50  29.50  29.50  21.50  23.00  24.00  22.50  22.50  22.00  22.00  19.00  21.00  21.00  21.00
 23.8N / 46:  28.50  19.00  18.00  10.00  10.00  16.50  19.50  20.00  21.50  22.00  23.00  26.00  23.00  19.00  19.00  17.50  17.50  17.50  21.00  21.50  21.00  23.00  23.00  21.00
 21.2N / 45:  30.50  28.50  24.00  16.50   9.00  14.00  17.00  20.00  20.50  11.50  11.50  16.50  20.50  19.00  15.50  14.50  17.50  19.00  18.50  19.00  18.50  21.50  25.50  22.00
 18.8N / 44:  28.00  28.00  29.00  25.50  16.50  11.50  12.00  14.50  20.00  13.00  13.00  24.00  23.50  22.00  21.00  21.50  20.00  20.00  19.50  19.50  22.00  21.50  24.00  26.50
 16.2N / 43:  24.00  27.00  28.50  28.50  22.00  19.50  13.00  15.00  11.00  11.00  11.00  18.00  18.00  23.00  23.50  19.00  17.00  18.00  17.00  17.50  22.00  26.00  24.50  24.00
 13.8N / 42:  23.00  21.00  22.50  24.00  21.50  22.50  23.50  24.00  23.50  16.00  13.00  16.00  18.00  33.50  31.00  20.00  15.50  12.50  14.00  17.50  21.00  20.50  21.00  20.50
 11.2N / 41:  17.50  16.50  17.50  17.50  19.50  20.00  22.00  24.00  22.50  22.50  25.00  17.00  20.50  33.00  32.50  21.50  19.00  23.50  16.50  20.00  23.50  21.50  21.50  23.50
 8.8N  / 40:  19.50  18.00  17.50  16.00  17.50  21.00  26.00  23.00  23.00  24.50  24.50  27.50  20.00  13.00  16.00  15.50  14.50  15.00  15.50  17.00  16.00  16.50  22.50  33.50
 6.2N  / 39:  19.50  21.00  20.50  20.00  19.00  20.00  23.50  25.00  25.00  23.00  21.50  22.50  21.50  21.00  20.50   8.00  11.00  10.00  15.50  17.00  15.00  16.00  18.50  22.00
 3.8N  / 38:  28.00  29.00  26.00  25.00  24.00  24.50  23.50  26.00  24.50  25.50  24.00  20.50  22.00  24.00  22.50   9.00  10.50  14.50  14.00  17.50  17.00  19.00  19.00  16.50
 1.2N  / 37:  30.50  33.00  36.00  38.00  37.00  37.50  38.00  38.00  40.50  37.00  37.50  35.50  36.50  38.50  14.50   8.00  13.00  14.00  14.00  14.50  17.50  17.00  15.00  16.00
 1.2S  / 36:  35.50  37.00  41.50  41.00  35.50  38.00  38.50  37.50  31.50  38.50  39.50  39.00  38.00  31.00  10.00  10.00  13.00  13.00  14.50  17.00  15.50  14.50  14.00  14.50
 3.8S  / 35:  32.50  39.00  43.00  44.00  47.00  43.50  45.50  44.00  41.50  44.50  43.00  40.50  36.00  23.00  10.00  11.00  13.50  13.00  14.50  14.50  15.00  15.50  14.50  13.50
 6.2S  / 34:  31.00  34.50  41.00  45.50  49.50  56.50  60.50  56.50  54.50  60.50  62.00  58.50  55.00  38.00  18.00  10.00  12.50  12.00  12.50  14.00  13.50  13.50  12.50  11.00
 8.8S  / 33:  31.00  41.00  51.00  55.00  57.00  65.50  68.50  68.50  70.50  73.00  73.00  72.00  70.00  62.50  46.50   9.00  11.00  11.50  12.50  13.00  13.00  11.00   9.50  10.00
 11.2S / 32:  45.50  51.00  59.00  64.50  66.50  66.50  70.00  68.00  71.00  72.00  75.00  75.00  80.00  77.50  37.50  10.00  12.00  12.50  12.50  13.00  12.00  10.00  10.00  10.50
 13.8S / 31:  48.50  56.50  61.50  65.50  67.50  66.50  71.50  69.50  70.00  69.00  70.00  73.50  74.50  81.50  74.50  18.00  10.50   8.00  13.00  14.50  12.50  15.00  21.00  18.50
 16.2S / 30:  43.50  52.00  61.50  65.00  65.50  63.50  60.50  61.50  65.00  68.50  68.50  71.50  73.00  74.50  75.00  68.50  37.00   9.50  14.00  11.50  16.00  15.50  16.50  17.50
 18.8S / 29:  41.00  41.00  48.00  49.50  56.50  59.50  62.00  62.00  57.50  64.00  63.50  66.00  69.00  71.50  68.50  66.00  64.50  17.50   4.00   4.00   8.00  21.50  22.50  17.50
 21.2S / 28:  34.50  36.00  43.50  49.00  48.00  47.50  53.00  58.50  58.50  58.00  58.00  62.50  61.00  59.00  57.50  55.00  56.50  49.50  11.00   2.00  26.00  25.50  23.00  14.50
