             VARIABLE : Mean low cloud amount (%)
             FILENAME : ISCCPMonthly_avg.nc
             FILEPATH : /usr/local/fer_data/data/
             SUBSET   : 24 by 24 points (LONGITUDE-LATITUDE)
             TIME     : 16-FEB-1995 00:00
              113.8W 111.2W 108.8W 106.2W 103.8W 101.2W 98.8W  96.2W  93.8W  91.2W  88.8W  86.2W  83.8W  81.2W  78.8W  76.2W  73.8W  71.2W  68.8W  66.2W  63.8W  61.2W  58.8W  56.2W  
               27     28     29     30     31     32     33     34     35     36     37     38     39     40     41     42     43     44     45     46     47     48     49     50
 36.2N / 51:  15.50  10.50  10.50  10.50  12.50  16.50  20.50  20.50  27.00  26.50  19.50  21.50  20.50  20.50  19.00  28.50  40.50  38.00  38.00  35.50  37.50  38.00  39.50  39.50
 33.8N / 50:  16.00  16.00  12.00  10.00  18.50  20.50  24.50  24.50  26.00  24.00  26.50  26.50  24.00  24.00  23.50  39.00  41.50  36.50  38.00  38.00  42.00  40.00  38.00  36.00
 31.2N / 49:  17.00  17.00  11.50  11.50  18.00  21.50  22.50  21.50  21.50  22.00  24.50  25.50  23.50  32.00  45.00  45.00  37.50  41.00  39.50  42.50  39.50  35.00  35.00  35.00
 28.8N / 48:  19.50  11.50  11.50   8.50  11.50  16.00  18.00  22.50  25.50  30.00  30.00  34.50  24.00  24.00  45.00  40.50  40.50  37.50  37.50  37.00  34.50  33.50  33.50  37.00
 26.2N / 47:  16.00  16.50  11.00  11.00   7.50  12.50  20.00  30.50  38.00  42.00  45.00  41.50  41.50  21.50  28.50  35.00  33.50  37.50  37.50  39.00  35.50  35.50  35.50  38.50
 23.8N / 46:  19.00  16.00  14.00  10.00  10.00   7.50  18.00  33.50  39.00  31.50  28.50  34.00  28.00  25.50  23.00  31.00  31.00  31.00  32.50  35.50  35.50  36.00  34.00  39.00
 21.2N / 45:  22.50  20.50  18.00  21.00  11.50  13.50  25.00  35.00  29.50  18.00  18.00  20.00  19.50  17.50  16.50  20.00  24.50  31.00  30.00  28.50  31.00  36.00  37.00  36.50
 18.8N / 44:  21.00  21.00  19.00  21.00  14.00  15.50  12.50  23.00  26.00  18.50  19.00  24.00  27.50  26.00  22.00  22.00  25.50  21.50  22.50  22.50  30.00  34.00  41.50  38.00
 16.2N / 43:  19.50  18.50  23.00  24.00  12.50  11.50  11.50  15.00  19.00  22.00  22.00  30.00  27.00  23.50  26.00  24.50  23.00  24.50  30.50  34.50  38.00  40.00  38.00  39.50
 13.8N / 42:  22.00  21.50  19.00  20.00  20.50  17.50  14.00  21.50  17.50  15.00  16.50  28.00  28.00  31.00  17.00  11.50  12.50  15.50  23.50  27.00  33.50  38.00  37.00  36.50
 11.2N / 41:  24.50  22.00  17.00  20.50  16.00  13.00  16.00  16.50  15.00  17.00  13.50  24.00  32.50  20.50  15.00  12.50  13.50  13.50  14.00  20.00  28.00  30.50  30.50  32.00
 8.8N  / 40:  20.00  20.00  21.00  23.50  18.00  17.50  13.50  13.00  18.50  16.50  16.50  20.00  19.50  23.00  15.50  15.00  19.00  19.00  13.50  15.00  20.50  23.50  27.00  31.00
 6.2N  / 39:  25.50  25.50  27.50  26.50  25.00  27.00  27.00  27.50  33.50  31.00  29.00  29.00  29.00  19.50  21.50  17.00  16.00  15.50  16.00  20.00  17.50  22.00  22.50  18.50
 3.8N  / 38:  29.00  28.00  31.50  31.50  33.00  39.00  38.50  38.50  36.00  33.50  31.50  26.50  24.50  26.00  34.00  17.00  17.00  16.00  17.00  15.50  17.00  21.50  25.50  24.00
 1.2N  / 37:  28.50  27.50  26.00  27.00  28.00  28.00  28.00  27.00  23.50  27.00  22.00  24.00  29.50  32.00  18.00  15.50  15.50  14.50  12.00  13.50  14.50  18.50  20.00  19.50
 1.2S  / 36:  34.50  33.00  32.00  36.50  34.50  34.00  34.00  30.50  27.50  30.00  26.50  25.00  30.50  24.50   9.00  13.00  12.00  10.50  10.50  12.00  12.50  13.50  15.00  14.50
 3.8S  / 35:  37.50  38.00  41.50  46.00  45.00  44.50  41.50  38.00  40.00  38.50  35.50  36.50  34.50  25.50   6.00   8.00   9.50   8.50   9.00  10.00  10.50  10.00   9.00   8.00
 6.2S  / 34:  32.00  34.00  37.00  38.00  40.00  39.50  38.50  40.00  40.50  40.50  44.00  41.00  40.00  29.50   8.50   4.50   6.50   6.50   7.00   7.00   8.00   7.50   6.50   5.50
 8.8S  / 33:  30.00  32.50  33.50  36.00  35.50  33.50  32.00  33.00  34.50  36.00  36.00  41.00  40.50  39.50  23.50   4.00   4.50   6.00   6.00   5.50   6.00   6.00   5.00   5.50
 11.2S / 32:  31.50  33.50  34.00  34.00  31.00  28.50  28.00  23.50  24.50  29.00  31.00  42.00  42.00  36.00  17.00   4.50   4.50   5.00   6.50   6.00   5.50   4.50   4.50   5.00
 13.8S / 31:  36.50  40.00  43.00  43.00  41.00  34.50  34.00  31.00  33.00  38.00  41.50  42.50  46.00  44.00  33.00  11.00   7.50   4.00   6.50   9.50   9.50   8.00   6.50   7.50
 16.2S / 30:  41.00  41.50  41.00  42.50  41.50  43.00  43.00  43.50  44.00  46.00  46.00  48.50  51.50  50.00  48.00  44.50  28.00   9.00   6.00   9.00   9.00  11.50  12.00   9.00
 18.8S / 29:  35.50  35.50  37.00  37.50  37.00  37.00  38.00  47.50  52.50  55.00  57.00  56.00  55.50  56.00  52.00  54.00  45.50  13.50   ....   ....   8.50  15.00  15.50  14.00
 21.2S / 28:  33.50  36.00  35.00  35.50  38.00  37.00  36.50  43.50  51.00  52.50  52.50  59.00  59.00  63.50  63.00  59.50  55.50  33.50  10.50   9.50  16.50  19.00  13.50  12.00
