             VARIABLE : Mean low cloud amount (%)
             FILENAME : ISCCPMonthly_avg.nc
             FILEPATH : /usr/local/fer_data/data/
             SUBSET   : 24 by 24 points (LONGITUDE-LATITUDE)
             TIME     : 16-JUL-1998 00:00
              113.8W 111.2W 108.8W 106.2W 103.8W 101.2W 98.8W  96.2W  93.8W  91.2W  88.8W  86.2W  83.8W  81.2W  78.8W  76.2W  73.8W  71.2W  68.8W  66.2W  63.8W  61.2W  58.8W  56.2W  
               27     28     29     30     31     32     33     34     35     36     37     38     39     40     41     42     43     44     45     46     47     48     49     50
 36.2N / 51:  25.00  19.00  19.00  12.50  18.50  20.50  18.00  18.00  13.50  14.50  14.00  12.50  14.50  14.50  16.50  18.00  25.00  24.00  24.00  24.00  25.00  21.50  22.50  22.50
 33.8N / 50:  29.00  29.00  18.00  13.00  15.50  16.00  12.00  12.00  13.50  12.50  12.50  13.50  15.50  15.50  16.00  23.50  25.50  24.00  20.50  20.50  23.00  23.50  24.50  26.00
 31.2N / 49:  28.00  28.00  17.00  15.50  18.00  16.00  12.50  13.50  13.50  13.00  10.50  14.00  14.50  21.50  28.50  28.50  26.00  21.50  22.50  23.00  19.50  19.50  19.50  26.50
 28.8N / 48:  31.50  19.00  19.00  12.00  16.50  17.00  17.50  12.00  15.00  19.00  19.00  25.50  26.00  19.00  29.50  25.00  17.50  19.00  19.00  17.50  17.00  15.50  21.50  28.00
 26.2N / 47:  18.50  18.50   8.00   8.00  13.00  15.50  20.50  18.00  16.00  16.50  20.50  27.50  27.50  17.00  20.50  20.50  17.50  17.00  19.00  17.50  18.50  20.50  20.50  21.50
 23.8N / 46:  21.50  20.00  16.00   7.50   7.50  13.50  20.00  21.50  17.50  18.50  19.50  20.00  18.50  18.00  19.00  17.00  17.00  14.00  16.50  16.50  19.00  19.50  21.50  24.00
 21.2N / 45:  29.00  26.50  28.00  19.00   9.00  15.00  19.50  26.00  22.50  12.50  12.50  13.50  20.00  20.00  17.00  16.50  15.00  14.50  14.50  16.50  19.00  22.00  23.50  22.50
 18.8N / 44:  31.00  31.00  28.50  24.50  13.00   8.00   8.50  10.50  18.00  13.50  11.00  20.00  23.50  24.50  20.00  18.50  15.50  16.50  18.50  18.50  23.50  23.00  23.50  25.50
 16.2N / 43:  31.50  29.00  25.50  21.00  18.00  15.00   8.00   9.00   7.00   8.50   8.50  17.00  17.50  23.00  25.00  23.00  21.00  19.50  20.50  21.50  23.00  23.50  23.00  25.50
 13.8N / 42:  28.00  25.00  23.00  19.50  16.00  14.00  15.50  17.50  16.50  11.00   9.00  12.50  12.00  21.50  25.50  22.50  21.00  20.00  21.50  20.50  20.00  21.00  21.50  22.50
 11.2N / 41:  18.50  18.00  19.00  16.00  14.00  13.00  14.00  15.00  19.50  19.50  21.50  13.50  12.50  18.50  24.50  22.00  16.50  22.50  19.50  21.50  19.00  22.00  22.00  22.00
 8.8N  / 40:  17.50  16.50  17.00  15.50  16.00  15.00  13.50  14.50  16.50  18.50  18.50  20.00  12.00   8.50   9.50  11.00   9.50   9.00  11.50  13.00  13.50  14.00  18.00  22.50
 6.2N  / 39:  26.00  25.00  24.00  24.00  22.50  23.00  23.00  20.50  20.00  17.00  15.00  14.50  14.50  16.00  14.00   4.00   7.00   6.50  10.00  10.50  10.50  11.50  11.50  17.00
 3.8N  / 38:  29.50  30.00  31.50  32.00  35.00  38.50  36.00  37.00  37.00  33.00  29.00  24.50  22.00  21.00  16.50   4.50   7.00  10.00   8.50   9.00   9.50  12.50  13.50  11.50
 1.2N  / 37:  26.50  24.50  30.00  31.00  30.00  30.50  31.00  35.00  36.50  40.00  42.00  41.50  36.50  28.00   9.00   4.00   9.00   9.50   9.50  10.00  11.50  10.50  12.00  14.00
 1.2S  / 36:  27.00  25.50  24.50  23.50  21.00  20.00  18.00  16.50  17.00  22.00  30.50  32.00  34.50  22.50   5.50   6.50  10.00  11.50  12.00  12.00  12.00  13.00  14.50  15.00
 3.8S  / 35:  27.50  26.50  27.00  25.50  26.50  23.50  23.00  22.00  26.00  34.00  34.00  30.50  26.00  13.50   7.00  10.00  13.00  12.50  14.00  15.50  14.00  14.50  14.50  13.50
 6.2S  / 34:  29.00  30.00  35.00  34.50  33.00  28.50  31.00  34.50  41.50  46.50  53.00  58.50  55.00  27.50  10.50  10.50  13.00  13.00  12.00  13.00  11.00  10.50   9.00   9.00
 8.8S  / 33:  37.00  42.00  45.50  44.50  42.50  40.50  46.00  49.50  56.00  61.50  61.50  70.00  68.00  60.50  42.00  12.50  12.00  10.00   9.50   8.50   6.50   6.00   5.50   6.00
 11.2S / 32:  36.00  42.50  44.00  45.50  45.00  46.50  52.50  55.00  59.50  59.50  65.50  74.50  78.00  77.00  33.50   9.00  11.00   9.50   8.00   6.50   5.50   3.50   3.50   4.50
 13.8S / 31:  42.00  44.00  44.00  44.50  46.00  49.00  49.00  49.50  55.00  57.50  57.50  61.50  70.00  74.50  68.50  16.00   7.50   8.00  11.00  10.00   8.00   6.50  11.50  11.00
 16.2S / 30:  48.50  46.50  45.00  41.50  41.00  47.00  50.50  45.50  46.50  52.00  52.00  58.50  61.50  64.00  62.00  56.50  34.00  12.00   5.00  10.00  10.50   9.00  10.50  11.00
 18.8S / 29:  46.50  46.50  47.50  45.00  38.00  37.50  43.50  46.50  44.50  49.00  52.00  56.50  54.00  55.00  56.50  53.00  46.50  14.50   4.50   4.50   6.50  16.50  17.00  14.50
 21.2S / 28:  49.50  48.50  50.00  49.50  46.50  45.00  47.00  51.00  51.50  47.50  47.50  50.00  55.00  51.00  58.50  53.50  53.00  42.00  11.50   ....  16.00  26.50  23.50  15.50
