             VARIABLE : Mean low cloud amount (%)
             FILENAME : ISCCPMonthly_avg.nc
             FILEPATH : /usr/local/fer_data/data/
             SUBSET   : 24 by 24 points (LONGITUDE-LATITUDE)
             TIME     : 16-MAR-1998 00:00
              113.8W 111.2W 108.8W 106.2W 103.8W 101.2W 98.8W  96.2W  93.8W  91.2W  88.8W  86.2W  83.8W  81.2W  78.8W  76.2W  73.8W  71.2W  68.8W  66.2W  63.8W  61.2W  58.8W  56.2W  
               27     28     29     30     31     32     33     34     35     36     37     38     39     40     41     42     43     44     45     46     47     48     49     50
 36.2N / 51:  23.00  18.50  18.50  15.00  17.50  28.50  33.00  33.00  31.50  25.50  28.00  24.00  22.50  22.50  26.00  41.50  54.00  44.00  44.00  41.00  38.00  36.00  36.00  36.00
 33.8N / 50:  31.00  31.00  17.50  18.50  30.00  38.00  38.50  38.50  33.00  26.00  26.50  24.00  28.00  28.00  27.50  38.50  39.50  37.00  32.00  32.00  34.50  31.00  32.00  38.50
 31.2N / 49:  30.00  30.00  22.00  23.00  31.50  42.00  36.00  31.50  31.50  26.50  26.50  25.00  22.50  32.50  36.00  36.00  31.50  33.00  27.00  30.50  32.50  29.00  29.00  33.50
 28.8N / 48:  27.00  20.50  20.50  17.50  26.00  35.00  34.00  22.00  24.50  34.00  34.00  26.50  20.00  24.50  31.50  27.50  25.00  23.50  23.50  27.00  25.00  27.50  34.50  38.50
 26.2N / 47:  25.50  15.50  12.50  12.50  12.50  18.50  32.00  28.50  33.00  34.50  36.50  34.50  34.50  19.00  25.00  26.00  24.00  26.00  25.00  24.50  30.00  40.00  40.00  39.50
 23.8N / 46:  34.50  16.00   8.50  10.50  10.50   6.00  17.00  29.00  36.50  33.50  33.50  35.00  27.50  24.00  20.00  24.00  24.00  24.50  27.50  29.00  31.50  31.50  39.00  40.00
 21.2N / 45:  47.00  40.00  26.00  17.00   7.00   9.00  25.50  32.50  35.00  28.00  28.00  23.50  27.00  27.50  21.00  21.50  25.00  23.00  26.00  32.00  31.00  31.00  34.50  35.50
 18.8N / 44:  48.50  48.50  43.50  36.00  16.50  13.50  12.50  19.50  25.50  25.50  26.00  34.00  33.00  27.00  20.00  22.50  19.00  20.00  22.00  22.00  26.50  25.50  31.50  31.50
 16.2N / 43:  60.50  54.50  46.00  41.50  24.00  14.50  12.50  15.50  17.50  22.00  22.00  29.00  24.00  22.00  24.00  21.50  17.50  17.50  21.00  20.00  19.50  38.50  37.50  31.00
 13.8N / 42:  52.00  50.00  45.00  45.00  35.00  30.00  27.50  22.50  22.00  17.50  17.50  21.50  21.00  23.00  24.00  18.00  15.00  16.50  17.00  14.50  17.50  34.50  28.50  25.50
 11.2N / 41:  44.50  44.00  38.50  41.50  39.50  30.50  30.50  29.50  29.50  25.00  20.00  21.00  23.50  30.00  31.50  16.50  17.50  20.00  19.50  14.00  19.50  22.50  22.50  24.50
 8.8N  / 40:  37.00  38.50  39.00  38.50  34.50  33.50  32.00  28.50  29.00  26.50  26.50  25.50  23.00  18.50  23.00  19.00  12.00  13.50  16.50  21.50  22.50  21.00  20.00  30.50
 6.2N  / 39:  27.50  31.00  31.50  30.00  30.00  34.00  33.50  29.50  25.50  28.50  30.00  33.50  32.50  26.00  23.00   7.00   5.50  12.00  21.50  22.50  19.50  18.00  20.00  23.50
 3.8N  / 38:  18.00  20.50  21.00  23.00  20.50  20.50  20.00  22.00  23.50  26.50  30.50  31.50  28.50  24.50  13.00   3.50   5.50  11.00  11.50  12.50  14.50  19.00  20.50  16.50
 1.2N  / 37:  19.50  17.00  16.50  19.50  17.50  16.50  18.00  21.00  28.00  29.50  29.00  24.00  22.00  13.50   3.50   2.00   4.00   5.50   8.00  10.50  14.00  10.50  11.00   9.00
 1.2S  / 36:  23.00  20.50  20.50  20.00  17.50  18.50  18.50  16.50  21.00  21.00  20.00  21.00  19.00   8.50   1.50   2.00   2.50   4.50   6.00   7.00   8.50   5.50   5.00   6.00
 3.8S  / 35:  27.50  25.50  27.50  26.50  21.50  23.00  18.00  17.50  20.50  21.00  20.00  18.00  16.00   8.50   1.50   2.00   3.00   4.50   4.50   4.50   4.50   3.00   4.50   5.00
 6.2S  / 34:  32.00  32.50  34.00  36.50  31.50  30.50  27.50  27.50  28.50  27.50  23.50  22.50  19.50  13.50   4.00   1.00   3.00   6.50   4.50   5.50   5.00   3.50   3.00   4.00
 8.8S  / 33:  34.00  37.00  39.00  38.00  35.00  37.50  40.50  40.00  39.50  38.00  38.00  37.00  35.50  31.00  16.00   2.00   2.50   6.00   5.50   5.50   6.50   4.00   4.00   3.50
 11.2S / 32:  37.50  40.00  41.00  43.50  44.50  44.50  46.50  48.00  46.50  40.50  42.50  45.50  41.00  39.50  13.00   1.50   4.00   6.50   8.00   8.50   5.00   4.00   4.00   4.00
 13.8S / 31:  40.50  42.00  45.00  43.00  47.00  48.00  50.50  48.50  50.00  50.00  51.00  57.50  58.00  58.50  38.50   9.50   2.50   3.00   6.50  11.50  11.00   6.00   5.00   6.50
 16.2S / 30:  43.50  42.00  46.00  49.00  47.00  45.00  50.00  48.00  51.50  49.00  49.00  58.00  53.50  58.50  61.00  52.00  30.00  12.00   9.50   9.00  12.50   8.00   8.00   8.00
 18.8S / 29:  40.50  40.50  41.50  42.00  43.00  46.50  50.00  51.50  52.50  49.00  50.00  46.00  44.50  47.00  47.50  54.00  59.50  23.00   ....   ....  11.00  11.00  14.50  10.00
 21.2S / 28:  36.50  39.50  38.00  39.50  39.00  44.50  48.50  47.50  48.50  46.00  46.00  46.00  47.50  44.00  43.00  37.00  36.00  48.00  12.50   7.00  16.00  16.50  12.50  11.50
