             VARIABLE : Mean low cloud amount (%)
             FILENAME : ISCCPMonthly_avg.nc
             FILEPATH : /usr/local/fer_data/data/
             SUBSET   : 24 by 24 points (LONGITUDE-LATITUDE)
             TIME     : 16-SEP-1995 00:00
              113.8W 111.2W 108.8W 106.2W 103.8W 101.2W 98.8W  96.2W  93.8W  91.2W  88.8W  86.2W  83.8W  81.2W  78.8W  76.2W  73.8W  71.2W  68.8W  66.2W  63.8W  61.2W  58.8W  56.2W  
               27     28     29     30     31     32     33     34     35     36     37     38     39     40     41     42     43     44     45     46     47     48     49     50
 36.2N / 51:  19.00  12.00  12.00  11.50  12.50  22.00  26.00  26.00  25.50  21.50  17.00  14.50  15.50  15.50  15.50  15.00  25.50  23.50  23.50  24.50  26.50  24.50  26.00  26.00
 33.8N / 50:  23.00  23.00  17.00  15.00  19.50  23.00  21.50  21.50  17.00  15.50  13.50  14.50  14.00  14.00  16.50  21.00  23.50  22.00  20.00  20.00  25.00  27.00  27.00  27.00
 31.2N / 49:  23.00  23.00  16.00  17.00  20.00  22.00  19.00  13.50  13.50  11.50  13.00  15.50  16.00  22.50  28.50  28.50  25.50  21.50  21.00  21.00  24.50  25.50  25.50  25.00
 28.8N / 48:  25.00  13.00  13.00  11.00  16.00  15.50  15.00  17.00  24.50  20.50  20.50  30.50  22.50  14.00  28.00  24.50  22.00  23.00  23.00  23.50  24.00  26.00  21.50  20.50
 26.2N / 47:  19.50  14.00   9.00   9.00  11.50  13.50  14.00  27.00  30.00  24.00  24.50  29.50  29.50  17.00  16.50  19.50  21.00  22.00  28.00  27.50  22.00  23.00  23.00  21.00
 23.8N / 46:  21.50  12.50  14.50   6.00   6.00  11.00  13.00  26.50  28.00  26.00  22.50  24.50  18.00  14.50  16.00  17.00  17.00  19.50  18.00  23.00  20.50  23.00  25.50  28.00
 21.2N / 45:  27.50  21.00  22.00  14.50   4.50   7.50  13.50  29.00  30.00  16.50  16.50  13.00  16.00  16.50  12.00  14.00  18.00  23.00  24.50  22.50  20.00  25.00  27.50  32.00
 18.8N / 44:  24.50  24.50  21.50  20.00  11.00   5.50   6.00   8.50  16.50  11.00   9.50  19.50  19.00  19.00  14.50  16.50  15.50  16.00  18.50  18.50  19.50  21.00  26.00  25.00
 16.2N / 43:  36.50  26.00  18.50  17.00  17.50  16.00   7.00   7.50   3.00   4.50   4.50  11.00  16.00  24.00  22.00  19.00  22.00  25.50  24.00  22.00  21.50  23.50  21.00  21.50
 13.8N / 42:  31.00  23.00  19.50  15.50  14.50  20.00  21.50  17.00  14.50   9.00   6.00   7.50  12.50  28.50  28.50  28.50  30.00  28.00  28.50  28.50  27.50  24.50  22.50  22.00
 11.2N / 41:  18.00  18.50  19.50  20.50  18.00  17.50  17.50  18.00  18.50  20.00  19.50   8.00  14.00  25.50  25.50  18.50  13.00  17.00  17.00  24.00  21.00  22.50  22.50  25.00
 8.8N  / 40:  28.00  29.00  33.50  31.00  26.50  23.00  21.00  22.00  22.50  22.00  22.00  23.00  12.50   7.00   9.50   8.50   8.00   7.50  11.50  15.00  14.00  15.00  17.50  24.00
 6.2N  / 39:  45.50  41.50  44.00  45.00  41.50  41.00  39.50  37.00  37.00  35.50  36.50  28.50  20.00  14.50  14.00   4.00   7.00   8.00  12.50  11.00  10.50  12.00  12.50  15.50
 3.8N  / 38:  53.00  53.50  61.50  65.50  65.00  65.00  63.00  60.50  61.50  58.50  53.50  46.50  40.00  34.00  20.50   6.00   8.50  11.00  10.00  10.00  11.00  15.50  15.00  10.50
 1.2N  / 37:  35.50  37.50  48.00  53.50  58.50  55.50  54.00  54.50  50.50  49.50  52.00  42.00  43.50  41.00  11.00   8.00   9.00   9.50   9.00  10.50  13.00  14.50  13.50  13.00
 1.2S  / 36:  27.50  29.00  32.50  38.00  43.00  40.00  36.00  31.00  24.50  31.50  36.00  24.50  21.50  20.50   8.50   9.00   9.50  10.00  10.50  12.00  14.00  14.00  14.00  12.50
 3.8S  / 35:  33.50  38.00  41.00  42.00  41.50  46.00  50.00  40.50  43.00  46.00  33.50  23.50  13.00  12.00   9.50  10.00   9.50   9.50  11.00  11.50  13.00  13.50  14.00  12.50
 6.2S  / 34:  35.50  41.00  53.00  58.00  55.50  53.50  57.00  57.00  60.00  61.50  56.00  48.50  35.50  18.00  10.50  10.00  11.00  10.00  11.00  11.00  12.50  12.00  10.50  12.00
 8.8S  / 33:  47.00  52.50  60.50  61.50  60.50  57.00  53.50  59.50  62.50  58.50  58.50  59.50  64.00  53.00  21.50   9.00  12.00  12.50  11.50  12.50  14.50  13.00  10.50  10.50
 11.2S / 32:  47.00  55.00  61.50  59.50  56.50  54.50  52.50  52.50  54.00  60.00  55.50  56.50  63.00  60.50  18.50  10.50  11.00  12.50  14.00  17.00  14.50  13.00  13.00  13.00
 13.8S / 31:  58.50  60.00  60.00  55.50  50.50  51.50  54.00  54.50  54.50  50.00  53.00  49.50  43.50  38.00  44.00  11.00   8.00  10.00  12.50  17.50  18.00  15.00  20.00  21.00
 16.2S / 30:  57.50  58.00  55.00  56.00  51.50  49.00  49.00  51.00  53.50  46.00  46.00  47.00  47.00  36.50  33.50  34.50  17.50   7.50   7.50  11.50  12.50  17.50  17.00  18.50
 18.8S / 29:  51.00  51.00  53.00  54.00  48.00  47.00  49.50  51.50  51.00  52.00  49.50  46.50  44.50  37.00  25.50  29.00  26.00  13.00   ....   ....   9.50  18.50  24.00  21.50
 21.2S / 28:  43.50  45.00  46.50  50.50  49.50  50.00  52.50  57.00  54.00  50.50  50.50  54.50  52.50  45.50  43.00  36.50  34.00  25.00   8.50   3.50  22.50  27.00  25.50  20.50
