             VARIABLE : Mean low cloud amount (%)
             FILENAME : ISCCPMonthly_avg.nc
             FILEPATH : /usr/local/fer_data/data/
             SUBSET   : 24 by 24 points (LONGITUDE-LATITUDE)
             TIME     : 16-NOV-1999 00:00
              113.8W 111.2W 108.8W 106.2W 103.8W 101.2W 98.8W  96.2W  93.8W  91.2W  88.8W  86.2W  83.8W  81.2W  78.8W  76.2W  73.8W  71.2W  68.8W  66.2W  63.8W  61.2W  58.8W  56.2W  
               27     28     29     30     31     32     33     34     35     36     37     38     39     40     41     42     43     44     45     46     47     48     49     50
 36.2N / 51:  15.50   7.00   7.00   5.00  10.50  18.50  25.00  25.00  21.50  19.00  22.00  20.00  22.00  22.00  28.00  30.00  43.00  47.00  47.00  44.50  42.50  45.00  44.00  44.00
 33.8N / 50:  16.00  16.00   9.00   6.50  13.00  16.50  19.00  19.00  19.50  17.00  15.50  18.50  20.00  20.00  22.00  29.00  39.50  40.00  38.50  38.50  41.00  43.50  44.00  40.50
 31.2N / 49:  21.50  21.50   8.00   8.50  14.50  19.00  20.50  20.50  20.50  16.50  16.50  18.50  21.00  28.50  34.50  34.50  33.00  33.50  40.50  37.50  39.50  38.00  38.00  34.50
 28.8N / 48:  16.00  10.00  10.00   6.50   9.00  15.50  22.00  21.00  15.50  20.00  20.00  19.50  16.00  21.50  36.00  34.50  34.50  37.00  37.00  34.00  30.50  29.50  27.50  29.00
 26.2N / 47:  15.00  15.00   8.50   8.50   5.00   9.00  24.00  27.50  31.50  33.00  32.00  29.50  29.50  15.00  27.50  37.00  33.00  31.00  31.00  29.50  25.00  22.50  22.50  22.50
 23.8N / 46:  21.00  15.50  10.50   8.50   8.50   3.50  15.00  27.50  33.00  30.50  29.00  31.00  25.50  24.50  21.00  26.00  26.00  27.00  28.00  29.00  27.00  22.50  20.00  21.50
 21.2N / 45:  38.50  21.50  14.00   8.50   4.50   7.00  15.00  26.00  24.50  17.00  17.00  18.00  22.00  19.50  14.00  15.00  24.00  24.00  22.50  22.50  21.00  20.00  23.50  25.50
 18.8N / 44:  27.50  27.50  17.50  12.50   8.00   9.50   7.50  12.00  20.50  15.50  13.00  23.00  22.00  18.50  15.50  15.00  16.50  17.50  21.00  21.00  21.00  23.00  24.50  29.00
 16.2N / 43:  29.00  22.00  16.00  17.00  12.00  11.50  10.50  15.00  10.50  11.50  11.50  19.00  23.50  23.50  23.50  23.00  24.50  25.00  22.50  23.00  21.50  27.00  27.00  28.00
 13.8N / 42:  32.50  30.00  24.50  19.00  15.50  14.00  16.50  36.00  21.50  13.50  11.50  12.00  14.50  24.50  26.50  32.00  30.00  28.00  22.50  25.00  23.50  25.50  27.50  24.50
 11.2N / 41:  30.00  25.50  20.50  20.50  14.50  13.50  20.00  19.00  19.00  20.50  19.00  14.00  21.00  28.00  28.50  23.50  18.00  19.00  22.50  26.50  23.00  24.00  24.00  28.00
 8.8N  / 40:  39.00  33.00  30.50  27.00  20.50  19.50  22.50  24.50  23.00  26.00  26.00  30.00  23.50  16.50  16.50  16.50  10.00   8.50  12.00  16.00  15.00  15.00  19.50  25.50
 6.2N  / 39:  70.00  66.50  63.00  60.50  56.50  54.00  52.50  54.00  51.00  48.50  52.50  51.50  44.00  37.00  22.50   3.00   4.50   9.50  14.50  13.00  13.50  12.50  15.00  17.00
 3.8N  / 38:  65.00  66.50  65.00  73.00  73.00  73.50  73.50  74.00  73.50  73.50  65.50  57.50  49.50  40.00  23.50   3.00   7.50  12.00  12.00  12.00  11.00  15.50  13.50  14.00
 1.2N  / 37:  48.00  44.00  39.00  43.00  46.50  51.00  52.50  54.50  61.00  61.50  66.00  65.50  55.50  46.50   9.50   8.00  11.50  11.00  11.50  11.50  13.00  13.00  14.50  17.00
 1.2S  / 36:  33.50  28.00  26.00  29.50  32.50  33.50  29.50  28.50  35.50  43.50  51.00  45.00  39.50  32.50  10.00  11.00  13.00  13.00  13.50  11.50  11.50  12.00  13.50  16.00
 3.8S  / 35:  23.50  28.00  32.00  33.00  35.00  33.00  34.50  40.00  47.50  53.00  47.50  44.00  26.00  18.50   9.00  11.00  10.00  11.50  10.50  10.50   9.00  10.50  12.50  12.00
 6.2S  / 34:  17.50  23.50  25.00  27.00  34.50  38.00  40.50  46.50  52.50  52.50  52.00  54.00  42.00  25.50  11.00   7.50   9.00   9.00   7.50   7.00   8.50   8.50   9.00   9.00
 8.8S  / 33:  18.00  23.00  33.50  33.00  38.50  43.00  47.50  51.50  53.00  52.00  52.00  54.50  54.50  47.00  29.00   8.00   8.50   8.00   7.50   6.50   7.00   7.50   7.00   6.00
 11.2S / 32:  30.00  33.00  40.00  47.50  53.50  55.00  55.50  52.50  54.50  53.50  50.00  51.50  56.00  56.00  24.50   7.00   7.00  10.00   9.50   9.50   8.50   8.50   8.50   8.00
 13.8S / 31:  41.00  50.50  54.50  56.00  60.00  61.00  59.00  57.00  53.00  55.00  56.50  55.50  52.50  52.50  47.00  15.50   9.00   7.00   8.50  11.50  11.00  12.50  14.50  12.00
 16.2S / 30:  43.00  46.00  48.00  55.00  58.50  57.00  52.00  51.00  48.50  43.00  43.00  30.00  28.50  23.00  35.00  40.50  30.00  16.00   9.00   9.00  13.50  15.50  17.00  18.00
 18.8S / 29:  39.50  39.50  40.50  44.00  48.50  50.50  52.50  53.50  45.00  37.50  33.00  28.00  27.50  17.50  27.50  39.00  49.50  24.00  11.50  11.50  12.00  19.00  18.50  18.50
 21.2S / 28:  39.50  38.00  37.50  42.50  45.50  48.50  51.00  54.00  49.00  42.50  42.50  39.50  37.50  33.00  30.00  30.50  31.50  38.00  15.50   ....  16.50  21.50  20.00  16.00
