             VARIABLE : Mean low cloud amount (%)
             FILENAME : ISCCPMonthly_avg.nc
             FILEPATH : /usr/local/fer_data/data/
             SUBSET   : 24 by 24 points (LONGITUDE-LATITUDE)
             TIME     : 16-NOV-1995 00:00
              113.8W 111.2W 108.8W 106.2W 103.8W 101.2W 98.8W  96.2W  93.8W  91.2W  88.8W  86.2W  83.8W  81.2W  78.8W  76.2W  73.8W  71.2W  68.8W  66.2W  63.8W  61.2W  58.8W  56.2W  
               27     28     29     30     31     32     33     34     35     36     37     38     39     40     41     42     43     44     45     46     47     48     49     50
 36.2N / 51:  11.00   6.00   6.00   6.00   9.50  14.00  20.00  20.00  24.00  22.00  19.00  20.50  20.50  20.50  22.00  31.00  44.00  40.50  40.50  45.50  40.50  39.50  37.50  37.50
 33.8N / 50:   9.00   9.00   6.00   5.50   9.50  15.50  21.00  21.00  25.50  20.00  17.50  18.50  21.00  21.00  25.50  35.00  45.50  41.00  39.50  39.50  38.00  36.00  34.00  36.00
 31.2N / 49:  13.00  13.00   7.00   6.00   9.50  13.00  19.50  24.00  24.00  21.50  20.50  21.00  20.00  32.00  46.50  46.50  40.50  36.50  35.50  36.50  33.50  30.50  30.50  36.00
 28.8N / 48:  23.00  11.00  11.00   4.50   7.00  14.50  24.00  25.00  27.00  27.50  27.50  25.50  24.00  23.00  41.00  36.50  34.00  36.50  36.50  36.50  34.50  30.00  35.00  32.00
 26.2N / 47:  19.50  16.00   8.50   8.50   6.00  11.00  25.00  30.50  28.50  28.50  30.00  30.00  30.00  19.50  28.50  32.00  31.50  32.00  33.50  33.00  31.50  30.00  30.00  29.50
 23.8N / 46:  23.50  19.50  19.50  10.00  10.00   6.50  14.50  32.00  31.00  27.50  29.50  38.50  29.50  26.00  28.00  34.50  34.50  30.50  31.00  29.00  33.50  26.50  27.00  28.00
 21.2N / 45:  30.00  27.00  32.50  23.00   7.50   7.50  18.00  33.50  29.00  17.50  17.50  20.00  22.50  19.50  17.00  19.00  25.50  27.50  25.50  25.50  26.00  23.00  25.00  27.50
 18.8N / 44:  32.50  32.50  32.50  20.50  13.00  12.50   6.50  14.50  26.00  19.00  15.50  26.50  23.50  21.00  16.00  18.50  16.50  20.50  22.50  22.50  24.00  20.00  23.00  23.50
 16.2N / 43:  33.50  27.50  23.00  23.50  18.00  13.00   9.50  14.00  14.50  16.00  16.00  25.00  22.00  19.50  20.00  23.00  23.50  22.00  26.00  25.00  23.50  24.00  20.50  22.50
 13.8N / 42:  29.00  28.50  27.00  24.50  22.00  19.00  15.50  16.50  18.00  15.50  13.50  15.00  16.00  21.50  21.50  23.50  22.50  22.00  27.50  27.50  23.50  25.00  24.00  24.50
 11.2N / 41:  25.50  30.00  28.50  26.00  23.00  20.00  19.00  20.00  21.00  23.50  21.50  15.00  15.00  19.50  19.50  17.50  15.00  20.50  24.00  25.00  24.00  24.00  24.00  27.50
 8.8N  / 40:  30.00  31.00  30.00  29.00  24.50  24.50  25.00  24.00  23.00  22.50  22.50  24.00  19.50  11.00  13.00  11.50  11.00   8.50  13.00  19.00  17.00  15.50  21.50  27.50
 6.2N  / 39:  53.50  50.00  51.00  50.00  52.50  49.00  49.00  47.00  42.50  38.00  36.00  32.00  28.50  21.00  20.50   7.00   8.00  10.00  13.50  13.50  13.50  12.50  13.00  19.00
 3.8N  / 38:  65.50  63.00  67.50  63.50  72.00  66.50  66.00  64.00  63.00  61.50  59.00  56.00  51.50  42.50  28.50   5.50  10.00  12.50  12.00  11.50  10.50  13.50  15.50  14.00
 1.2N  / 37:  48.50  43.00  40.00  37.00  50.00  47.00  53.50  52.00  51.50  52.00  55.50  58.50  58.50  48.50  12.00   7.50  11.00   9.00   9.50   9.50  13.00  13.50  12.00  14.00
 1.2S  / 36:  32.00  30.50  34.00  31.00  36.50  35.00  35.50  28.50  27.00  36.50  47.00  45.00  45.00  25.00   9.50   9.50  10.00   9.50   8.50  10.00  10.00   8.00   8.50  12.50
 3.8S  / 35:  39.00  40.50  39.00  40.00  41.00  41.50  45.50  47.00  50.00  57.00  55.00  47.00  37.00  15.50   8.00   9.50   9.50   8.50   8.00   8.50   8.00   6.50   8.00   9.00
 6.2S  / 34:  28.50  36.50  43.00  46.00  46.00  49.00  51.00  54.00  58.50  66.00  70.50  66.00  57.50  32.50  12.50   8.50  11.50   9.50   9.50   8.50   8.50   7.50   7.00   7.00
 8.8S  / 33:  32.50  38.50  43.50  47.00  50.00  51.50  58.00  63.00  69.00  76.00  76.00  77.50  73.50  64.00  29.00   8.00  11.00  10.50  11.00  10.00  10.00   9.00   8.00   6.00
 11.2S / 32:  33.00  37.00  44.00  50.00  53.50  58.50  62.50  70.50  71.00  73.00  74.50  75.50  76.00  66.50  24.50   7.50   9.50  11.50  12.50  11.00  11.00   8.50   8.50   9.00
 13.8S / 31:  44.50  47.50  50.50  56.50  61.00  65.50  69.00  69.00  69.00  67.50  68.50  64.50  70.00  70.50  50.00  12.50   8.00   7.00  11.00  13.00  13.00  12.50  13.50  13.50
 16.2S / 30:  57.00  58.50  57.50  59.50  60.50  62.50  60.00  59.50  59.50  65.00  65.00  62.50  64.50  66.50  66.00  49.50  26.50  11.50  11.00  10.50  14.00  15.50  14.00  15.00
 18.8S / 29:  52.00  52.00  55.00  58.50  58.50  58.00  55.00  55.00  59.50  61.50  62.50  61.50  58.50  52.00  51.50  56.00  54.00  22.00   9.50   9.50  11.00  15.50  17.50  15.50
 21.2S / 28:  40.00  44.00  47.50  51.50  53.00  55.50  57.50  57.50  61.00  67.50  67.50  64.00  59.00  58.50  55.00  48.00  51.00  41.00  11.00   8.00  17.00  20.00  13.50  13.00
