             VARIABLE : Mean low cloud amount (%)
             FILENAME : ISCCPMonthly_avg.nc
             FILEPATH : /usr/local/fer_data/data/
             SUBSET   : 24 by 24 points (LONGITUDE-LATITUDE)
             TIME     : 16-JUN-1997 00:00
              113.8W 111.2W 108.8W 106.2W 103.8W 101.2W 98.8W  96.2W  93.8W  91.2W  88.8W  86.2W  83.8W  81.2W  78.8W  76.2W  73.8W  71.2W  68.8W  66.2W  63.8W  61.2W  58.8W  56.2W  
               27     28     29     30     31     32     33     34     35     36     37     38     39     40     41     42     43     44     45     46     47     48     49     50
 36.2N / 51:  23.50  15.50  15.50  16.00  15.00  20.00  18.50  18.50  15.50  18.50  22.00  19.00  17.50  17.50  17.00  24.50  40.00  33.50  33.50  33.50  33.00  32.50  35.00  35.00
 33.8N / 50:  20.00  20.00  18.50  17.00  25.50  19.00  17.00  17.00  14.50  17.50  20.00  18.50  22.00  22.00  22.50  29.50  29.50  31.00  32.00  32.00  33.50  32.00  33.00  30.50
 31.2N / 49:  14.50  14.50  19.50  17.00  26.00  26.00  16.50  13.00  13.00  15.50  16.50  18.50  18.00  28.00  28.50  28.50  25.00  23.00  23.50  26.00  25.50  27.00  27.00  25.00
 28.8N / 48:  19.50  17.50  17.50  18.00  22.00  24.00  17.50  14.00  19.50  17.00  17.00  21.00  21.00  20.00  28.00  27.50  23.00  20.00  20.00  19.00  21.00  24.00  24.00  22.00
 26.2N / 47:  15.50  14.50  14.50  14.50  14.50  17.00  21.50  15.50  18.00  17.00  16.00  25.00  25.00  17.50  21.50  21.50  17.00  17.00  17.00  21.00  25.50  27.00  27.00  27.00
 23.8N / 46:  23.50  12.00  12.00  12.00  12.00  12.50  17.00  17.50  14.00  17.50  15.00  23.50  22.50  17.00  16.00  17.00  17.00  15.00  19.00  25.00  26.50  27.50  23.00  18.00
 21.2N / 45:  41.00  27.00  27.50  19.50  10.50  12.50  18.00  19.00  21.50  17.00  17.00  16.00  16.50  19.50  14.50  14.00  19.00  22.50  23.50  19.50  20.00  19.00  16.00  16.50
 18.8N / 44:  45.50  45.50  39.50  38.00  17.50  12.50  12.50  15.50  20.50  15.50  11.00  17.50  21.00  21.50  17.00  22.00  20.50  22.00  23.00  23.00  24.50  19.50  18.50  19.00
 16.2N / 43:  46.00  39.00  39.00  27.00  23.50  20.50  11.50  12.00   8.50   8.50   8.50  16.00  17.00  22.50  28.00  29.50  29.00  27.50  26.00  23.50  21.00  23.00  23.00  25.00
 13.8N / 42:  35.50  38.50  34.00  28.00  23.00  23.50  27.50  25.00  18.50  13.00  11.00  12.00  11.50  26.00  34.00  34.50  28.00  25.00  23.00  21.00  22.00  27.00  25.00  24.50
 11.2N / 41:  24.00  27.50  24.00  22.00  23.00  24.00  23.00  22.50  24.50  25.50  21.50  11.50  11.00  20.00  24.00  20.50  16.00  22.50  21.00  21.50  22.00  24.00  24.00  23.00
 8.8N  / 40:  21.00  22.00  22.00  20.00  18.00  20.00  21.00  20.50  21.50  22.50  22.50  22.00  15.50   9.00  11.50  10.00   7.50   7.00   9.50  16.00  18.50  14.00  16.50  22.50
 6.2N  / 39:  22.50  20.50  19.00  20.00  20.50  18.50  18.00  19.00  20.00  20.00  23.50  21.50  19.50  17.50  16.50   5.00   4.50   6.00  10.50  12.00  11.00  11.50  11.50  19.00
 3.8N  / 38:  25.00  25.50  26.00  23.50  22.50  25.00  23.00  21.50  21.00  22.00  22.00  23.00  21.50  21.00  18.50   5.00   6.50   9.50   8.50   9.00  10.50  16.00  19.00  15.00
 1.2N  / 37:  27.50  27.50  28.00  27.50  29.00  32.00  28.00  27.00  27.00  29.50  29.00  32.00  31.00  27.50  11.00   6.00  10.50  10.00  11.00  11.00  14.50  16.50  16.00  16.00
 1.2S  / 36:  28.00  29.50  32.00  32.50  28.50  30.00  29.50  30.00  30.00  31.50  32.00  28.50  30.50  22.00  10.50   8.50  11.00  11.00  12.00  14.00  16.00  16.50  15.00  15.00
 3.8S  / 35:  25.00  23.00  30.50  30.50  32.50  37.00  36.50  33.50  36.00  37.50  37.00  32.00  26.50  23.50  13.00  11.00  12.00  12.00  13.50  15.00  16.00  16.00  15.00  13.00
 6.2S  / 34:  24.00  21.50  25.00  27.00  30.00  34.00  39.50  40.50  42.50  43.00  44.00  38.50  34.00  32.50  19.50  12.00  14.00  13.50  13.00  13.50  13.00  13.50  13.00  11.00
 8.8S  / 33:  36.50  36.00  37.00  40.50  41.50  39.00  40.50  43.50  49.00  53.50  53.50  57.00  50.00  43.00  34.50  11.00  15.50  16.00  13.00  12.50  12.00  10.50   8.50   8.00
 11.2S / 32:  30.50  37.00  38.50  40.00  41.00  45.50  46.00  48.00  48.00  54.00  56.50  62.50  63.50  54.50  32.00   8.50  14.50  16.00  17.00  13.50  11.00   8.50   8.50   6.50
 13.8S / 31:  23.00  28.00  34.50  38.00  44.00  45.50  47.00  46.00  48.50  48.00  51.50  56.00  59.00  66.50  66.50  22.00   5.00   6.00  15.00  18.00  16.50  11.50  12.50  11.00
 16.2S / 30:  26.00  31.00  35.00  38.50  42.00  48.50  51.00  53.50  53.50  51.00  51.00  53.00  55.00  58.00  64.00  64.00  31.50   7.00   4.00  14.00  23.00  18.50  19.00  14.50
 18.8S / 29:  33.00  33.00  35.00  40.00  42.50  46.00  46.00  47.50  48.50  45.00  46.00  49.50  54.00  58.50  57.50  64.00  68.50  22.50   3.50   3.50   4.00  29.50  31.50  22.00
 21.2S / 28:  31.00  35.50  40.50  48.50  53.00  51.00  47.00  44.00  42.50  44.50  44.50  48.00  51.00  57.00  56.50  60.00  63.50  58.00  11.00   0.50  21.00  37.50  32.50  22.50
