             VARIABLE : Mean high cloud amount (%)
             FILENAME : ISCCPMonthly_avg.nc
             FILEPATH : /usr/local/fer_data/data/
             SUBSET   : 24 by 24 points (LONGITUDE-LATITUDE)
             TIME     : 16-SEP-1998 00:00
              113.8W 111.2W 108.8W 106.2W 103.8W 101.2W 98.8W  96.2W  93.8W  91.2W  88.8W  86.2W  83.8W  81.2W  78.8W  76.2W  73.8W  71.2W  68.8W  66.2W  63.8W  61.2W  58.8W  56.2W  
               27     28     29     30     31     32     33     34     35     36     37     38     39     40     41     42     43     44     45     46     47     48     49     50
 36.2N / 51:   8.00   8.50   8.50   6.50   6.00   5.00   2.50   2.50   8.50  14.00   9.50   9.50  12.00  12.00  10.50   8.50  12.50  15.00  15.00  15.50  15.00  13.50  11.50  11.50
 33.8N / 50:   6.50   6.50   5.00   4.50   4.50   2.00   2.50   2.50  12.00  17.50  19.00  24.00  22.50  22.50  19.50  17.00  18.00  18.50  16.00  16.00  15.50  14.50  15.50  20.50
 31.2N / 49:   4.00   4.00   5.50   6.50   6.00   4.00   6.50  12.00  12.00  20.00  29.50  37.50  37.00  30.50  27.00  27.00  24.00  20.00  17.00  15.50  15.50  17.00  17.00  22.00
 28.8N / 48:   2.00   6.00   6.00   9.50   9.00   6.50  10.50  17.50  26.00  37.00  37.00  43.00  39.50  42.00  31.00  23.50  12.00  10.00  10.00  11.00  12.50  17.00  15.00  12.50
 26.2N / 47:   1.50   4.50  13.50  13.50  10.50   8.00  13.50  20.50  29.00  37.50  42.00  38.50  38.50  37.50  31.00  19.50  10.50   7.50   9.50  11.50  10.00  10.00  10.00   9.50
 23.8N / 46:   5.00   6.50  12.50  20.50  20.50  11.00  15.50  28.50  30.50  29.50  27.00  27.00  30.50  30.50  25.00  16.00  16.00  14.50  15.50  14.00   8.50   6.50   5.50   7.00
 21.2N / 45:  12.00  16.00  18.00  32.50  26.00  19.50  40.50  41.00  29.00  27.50  27.50  21.50  24.00  31.50  32.00  26.00  18.50  17.00  19.50  12.00   6.00   6.50   6.00   5.50
 18.8N / 44:  17.00  17.00  25.00  34.00  43.50  39.00  48.00  54.50  40.00  39.00  26.50  13.50  17.00  25.00  27.00  29.00  26.50  26.00  17.50  17.50  11.50   7.50   8.50   7.50
 16.2N / 43:  14.00  20.50  23.00  29.00  39.50  47.00  53.50  54.50  55.00  43.50  43.50  19.00  14.00  17.00  21.50  23.00  21.50  23.00  19.50  16.00  12.50  11.50  11.50   8.00
 13.8N / 42:  11.00  15.50  18.00  26.50  38.50  46.50  50.00  50.00  52.00  48.00  37.50  26.50  19.00  20.00  18.50  16.00  17.50  14.50  10.00  10.50  10.00  15.00  12.00   9.00
 11.2N / 41:  25.50  29.50  34.50  40.50  44.50  49.00  51.00  50.00  48.50  43.00  37.50  36.00  27.00  30.50  30.50  31.00  32.50  22.50   9.00   5.50  10.00  12.00  12.00  10.50
 8.8N  / 40:  27.00  32.00  39.50  43.50  45.50  43.00  41.00  44.50  48.50  51.00  51.00  47.50  50.50  44.50  38.00  41.00  44.00  36.50  23.50  19.50  20.00  18.50  15.50  12.00
 6.2N  / 39:  10.00  11.50  14.50  22.00  28.50  30.50  30.50  34.50  38.50  38.50  43.50  45.50  45.50  46.50  45.00  48.50  42.00  29.00  27.00  30.50  29.50  24.00  17.00  12.50
 3.8N  / 38:   4.50   6.50   9.50  12.50  13.00  13.00  12.50  13.00  13.00  16.50  16.00  14.50  18.50  27.50  44.50  39.00  26.50  27.50  28.00  30.00  24.00  17.00  13.00   9.00
 1.2N  / 37:   3.50   5.00   4.00   5.00   6.00   5.50   5.50   4.50   4.50   4.50   3.50   3.50   4.00  10.00  30.00  25.50  25.00  27.00  26.50  29.50  22.50  19.50  12.00   7.00
 1.2S  / 36:   3.00   2.00   2.00   2.00   2.50   2.50   2.00   1.50   2.00   1.00   2.00   2.50   4.00   6.50  17.50  23.00  24.50  27.00  28.50  27.00  24.50  21.50  17.00  12.00
 3.8S  / 35:   1.00   0.50   0.50   0.50   1.00   1.00   0.50   0.50   0.50   0.50   1.50   1.50   2.00   4.00  14.50  20.00  22.00  24.00  24.50  23.50  19.00  20.00  15.00  15.50
 6.2S  / 34:   0.00   0.00   0.00   0.50   0.50   1.00   0.50   0.50   0.00   0.00   0.00   0.00   0.50   2.00   9.50  17.00  17.50  17.00  17.50  17.00  15.50  17.50  16.50  16.50
 8.8S  / 33:   0.00   0.00   0.00   0.50   1.00   0.50   0.50   0.00   0.00   0.00   0.00   0.00   0.00   0.50   3.00  12.50  17.50  16.50  13.00  13.50  15.00  15.50  13.50  15.00
 11.2S / 32:   0.00   0.00   0.00   0.00   0.00   0.50   1.00   1.00   0.00   0.50   0.00   0.00   0.00   0.50   2.50  11.50  13.00  12.00  13.50  16.00  17.00  12.50  12.50  13.00
 13.8S / 31:   0.00   0.00   0.00   0.00   0.00   0.00   0.00   0.00   0.50   0.50   0.50   0.00   0.00   0.50   1.00   2.00   5.50   7.00  12.00  16.00  20.50  21.00  16.00  11.50
 16.2S / 30:   0.00   0.50   0.50   0.00   0.00   0.00   0.00   0.00   0.50   0.50   0.50   0.50   0.50   0.50   0.50   0.50   0.50   2.00   4.50   8.00  15.50  21.00  21.00  18.50
 18.8S / 29:   0.00   0.00   0.00   0.50   0.00   0.00   0.50   0.00   0.00   0.00   0.50   1.00   0.50   0.50   0.50   0.50   0.50   1.50   4.50   4.50   6.50  12.00  20.50  20.50
 21.2S / 28:   0.00   0.00   0.00   0.00   0.00   0.50   0.50   0.00   0.00   0.00   0.00   0.00   0.00   0.00   0.00   0.00   0.50   1.00   1.50   2.00   3.50   9.00  16.00  23.00
