             VARIABLE : Mean low cloud amount (%)
             FILENAME : ISCCPMonthly_avg.nc
             FILEPATH : /usr/local/fer_data/data/
             SUBSET   : 24 by 24 points (LONGITUDE-LATITUDE)
             TIME     : 16-JAN-1998 00:00
              113.8W 111.2W 108.8W 106.2W 103.8W 101.2W 98.8W  96.2W  93.8W  91.2W  88.8W  86.2W  83.8W  81.2W  78.8W  76.2W  73.8W  71.2W  68.8W  66.2W  63.8W  61.2W  58.8W  56.2W  
               27     28     29     30     31     32     33     34     35     36     37     38     39     40     41     42     43     44     45     46     47     48     49     50
 36.2N / 51:  11.50   6.00   6.00   3.00   6.00   8.50  13.50  13.50  16.50  13.00  13.50  16.50  11.50  11.50  11.00  24.00  39.50  38.00  38.00  37.00  39.00  36.00  38.00  38.00
 33.8N / 50:  13.00  13.00   8.50   6.50   8.00  13.00  20.50  20.50  16.50  15.50  15.50  14.00   9.00   9.00  21.00  39.50  42.50  38.50  35.50  35.50  35.00  34.00  32.00  32.50
 31.2N / 49:  12.00  12.00  10.00   7.00   9.50  14.50  21.50  24.00  24.00  22.50  15.50  15.00  14.00  33.50  43.00  43.00  34.00  32.50  30.50  30.50  32.00  31.00  31.00  35.00
 28.8N / 48:  19.00  11.50  11.50   6.50   6.00  11.50  27.50  31.00  28.50  28.00  28.00  30.50  21.00  18.50  38.50  35.00  30.00  30.50  30.50  31.00  32.00  32.50  34.50  34.00
 26.2N / 47:  21.50  16.50  10.00  10.00   5.00   7.00  24.00  31.00  31.50  34.00  39.50  37.50  37.50  17.50  23.50  28.50  29.50  30.00  33.50  34.50  36.50  39.00  39.00  34.50
 23.8N / 46:  32.00  16.00  10.00   9.50   9.50   3.00  14.00  29.50  31.00  30.50  29.00  32.00  21.50  19.50  19.50  27.50  27.50  29.00  30.00  33.00  35.00  32.00  34.00  34.00
 21.2N / 45:  36.50  27.50  20.00  14.00   6.00   5.00  21.50  31.50  29.00  20.50  20.50  20.00  22.00  20.00  16.00  20.50  24.00  23.50  26.00  28.00  28.50  29.50  36.00  35.50
 18.8N / 44:  29.50  29.50  22.50  22.00  11.50  11.00   8.00  14.50  28.00  19.50  15.50  26.50  27.00  23.00  20.50  21.50  21.50  21.00  18.50  18.50  25.00  25.00  29.00  25.00
 16.2N / 43:  31.50  25.50  21.50  18.50  13.50  10.00   8.50  14.00  14.50  14.00  14.00  24.00  23.50  24.50  20.50  18.50  15.50  15.00  16.00  16.50  15.00  26.50  25.50  20.00
 13.8N / 42:  34.00  28.00  20.50  19.50  16.00  13.50  14.50  12.50  11.50   9.00  11.50  19.00  18.00  20.00  16.00   9.50   7.00   8.50  10.50  11.50  13.50  21.50  19.00  17.50
 11.2N / 41:  38.50  33.50  24.50  19.50  19.50  15.50  13.50  11.50  10.50   9.00  10.00  13.00  20.50  17.00  21.50   9.50  13.00  15.50   8.50   7.50  11.00  17.00  17.00  17.00
 8.8N  / 40:  30.50  30.50  28.50  28.00  22.00  18.00  16.50  16.00  14.50  13.50  13.50  13.00  13.50  20.00  19.50  15.50  12.50  17.50  16.50  14.50  15.00  16.50  16.00  14.50
 6.2N  / 39:  24.50  26.00  29.50  28.00  24.00  21.00  22.50  21.00  20.50  18.00  20.50  19.50  18.50  18.50  18.50  14.00  13.50  14.50  13.00  16.00  15.00  17.00  18.00  19.00
 3.8N  / 38:  21.00  25.50  25.50  25.00  22.50  27.50  29.00  26.00  23.00  23.50  27.00  24.00  23.00  23.00  25.00  10.50  14.50  16.00  16.00  15.50  14.00  19.00  23.00  20.00
 1.2N  / 37:  22.50  24.00  23.50  27.00  27.00  32.50  27.50  23.00  22.50  25.50  24.00  22.50  25.00  25.50  12.00   7.50  12.50  11.50  12.00  13.00  15.00  20.50  19.00  19.00
 1.2S  / 36:  29.00  23.00  23.50  26.50  24.00  27.00  23.50  23.50  24.50  29.50  26.50  23.00  24.50  16.00   4.50   3.50   7.00   7.00  10.00  12.00  14.50  18.50  16.00  15.00
 3.8S  / 35:  40.50  35.00  35.50  34.50  30.00  28.00  27.50  26.00  26.50  28.00  26.50  26.50  26.00  16.50   4.50   5.00   7.00   7.50   7.00   8.00   8.50   9.50   9.00  11.00
 6.2S  / 34:  38.00  41.00  45.50  46.00  45.50  46.50  42.00  43.00  41.00  36.50  38.00  35.50  32.00  23.00   9.50   4.00   6.00   6.50   6.50   6.50   7.00   6.50   7.00   8.00
 8.8S  / 33:  37.00  45.00  47.00  48.50  53.50  55.50  56.50  57.00  52.50  52.00  52.00  52.00  44.50  36.00  21.50   4.00   6.00   6.00   6.00   5.00   6.00   6.00   7.00   6.00
 11.2S / 32:  37.50  47.50  52.50  53.50  54.50  55.50  57.00  58.00  61.00  56.50  54.50  54.50  45.50  36.00  16.50   2.50   3.50   5.00   7.00   8.00   7.00   6.50   6.50   6.00
 13.8S / 31:  40.50  49.00  54.50  58.00  57.50  57.50  60.00  60.00  58.50  56.00  58.50  55.50  57.50  54.00  41.50  10.00   2.00   1.50   7.50  10.50  10.00   8.50   8.00   6.50
 16.2S / 30:  43.50  49.00  51.00  53.50  53.50  54.50  57.50  57.00  59.50  63.00  63.00  62.50  64.00  57.50  57.50  47.00  25.00   7.00   3.50   7.50   9.50  10.00  11.00  11.00
 18.8S / 29:  37.50  37.50  43.50  41.50  39.50  41.50  43.50  49.00  56.00  62.50  69.00  66.00  51.00  37.00  49.50  44.00  39.50  15.50   ....   ....  10.00  16.50  17.00  16.00
 21.2S / 28:  34.50  37.50  38.50  38.00  34.00  36.00  40.00  42.00  50.00  55.00  55.00  62.00  60.00  56.50  40.50  30.50  40.50  34.50  11.50   8.00  20.50  25.50  18.00  16.50
