             VARIABLE : Mean low cloud amount (%)
             FILENAME : ISCCPMonthly_avg.nc
             FILEPATH : /usr/local/fer_data/data/
             SUBSET   : 24 by 24 points (LONGITUDE-LATITUDE)
             TIME     : 16-JUN-1995 00:00
              113.8W 111.2W 108.8W 106.2W 103.8W 101.2W 98.8W  96.2W  93.8W  91.2W  88.8W  86.2W  83.8W  81.2W  78.8W  76.2W  73.8W  71.2W  68.8W  66.2W  63.8W  61.2W  58.8W  56.2W  
               27     28     29     30     31     32     33     34     35     36     37     38     39     40     41     42     43     44     45     46     47     48     49     50
 36.2N / 51:  23.50  13.50  13.50  13.50  16.50  20.50  19.00  19.00  13.50  15.50  17.00  16.50  15.50  15.50  13.50  16.50  30.50  29.00  29.00  28.00  28.50  29.00  31.50  31.50
 33.8N / 50:  25.50  25.50  17.00  14.00  18.00  23.00  14.00  14.00  12.00  15.00  14.50  15.00  15.50  15.50  15.50  20.00  24.50  21.00  24.00  24.00  25.00  24.50  25.50  28.50
 31.2N / 49:  21.00  21.00  16.00  15.00  15.00  21.00  15.50   9.50   9.50  10.50  14.00  15.00  14.50  18.50  22.00  22.00  18.50  19.00  23.50  25.00  25.00  22.00  22.00  26.00
 28.8N / 48:  30.50  13.50  13.50  11.50  14.50  23.00  19.00  11.00  11.00  14.00  14.00  19.50  17.00  13.50  20.50  19.00  19.50  21.00  21.00  25.50  26.00  23.00  22.50  25.50
 26.2N / 47:  20.00  19.50  13.00  13.00  12.50  16.50  24.00  19.00  16.00  18.00  22.50  20.50  20.50  16.00  15.50  20.50  19.00  19.50  26.00  29.50  28.00  29.50  29.50  29.00
 23.8N / 46:  26.50  17.50  13.50  11.50  11.50  13.00  19.50  23.50  24.50  22.00  22.50  25.00  21.50  18.50  19.00  23.00  23.00  22.50  24.00  25.00  23.00  25.50  29.50  25.00
 21.2N / 45:  33.00  24.00  24.00  21.00  10.50  13.50  19.50  32.00  27.50  19.50  19.50  19.50  22.50  18.00  15.00  17.00  24.50  24.50  24.00  21.50  20.00  26.00  25.00  24.00
 18.8N / 44:  47.00  47.00  36.50  29.50  18.50  11.50  10.00  13.00  20.50  17.50  15.00  24.00  22.50  23.00  20.00  24.50  20.50  18.00  18.00  18.00  24.00  19.00  21.50  24.00
 16.2N / 43:  53.50  47.00  37.00  28.50  22.00  16.50  11.00  12.50   8.00   9.00   9.00  17.00  19.50  21.50  26.00  28.00  29.50  24.00  23.00  23.00  20.50  24.50  23.50  23.50
 13.8N / 42:  50.00  47.00  36.50  25.50  20.50  17.00  21.00  21.00  19.50  12.00   9.50  13.00  16.00  26.00  29.50  30.00  27.00  22.50  24.50  24.00  23.00  24.00  23.50  22.50
 11.2N / 41:  31.50  29.50  24.50  20.00  19.00  20.50  20.50  20.00  20.50  20.00  24.00  12.00  16.50  21.50  21.50  19.00  15.50  20.50  18.50  22.50  20.50  22.00  22.00  23.00
 8.8N  / 40:  23.50  21.50  19.00  17.50  20.50  19.00  16.50  17.00  16.50  17.00  17.00  17.50  12.00   8.00   9.50   8.00   7.50   8.00   9.00  13.50  13.50  12.50  14.50  20.00
 6.2N  / 39:  31.50  30.50  28.00  32.00  36.00  32.50  28.00  27.50  26.50  26.00  29.00  26.00  19.50  15.00  14.50   3.50   6.00   5.50   9.00   9.00   8.50   7.50   8.00  13.00
 3.8N  / 38:  30.50  36.50  40.50  43.50  43.50  47.50  49.00  44.50  46.00  45.50  46.00  49.00  40.00  31.00  16.50   3.50   5.50   9.00   8.00   8.00   7.50   8.50   8.50   7.00
 1.2N  / 37:  18.50  25.50  30.50  32.00  37.00  37.50  40.00  33.50  32.00  30.00  32.00  40.00  46.50  38.00   8.50   4.00   8.50   9.50   9.50   9.00   9.50   9.50   8.50   9.00
 1.2S  / 36:  16.00  20.50  23.00  26.00  32.50  31.50  29.00  25.50  23.50  26.50  30.50  19.00  24.50  22.00   7.50   7.00   9.00  10.00  10.00  11.00  11.50  11.00  12.50  13.00
 3.8S  / 35:  17.50  20.00  22.00  28.00  35.00  35.50  30.50  26.00  29.50  35.50  50.00  41.50  17.50  12.00   9.00  11.50  12.50  14.50  11.50  12.50  13.00  14.50  13.50  14.00
 6.2S  / 34:  17.50  18.00  21.00  27.00  32.50  39.50  40.00  33.00  41.50  48.00  54.00  61.00  48.00  29.00  11.50  10.50  14.50  16.50  15.50  13.50  13.00  12.00  12.00  11.50
 8.8S  / 33:  26.50  28.50  31.50  36.50  44.00  47.50  47.50  54.50  61.00  66.50  66.50  71.00  72.00  67.50  36.00  10.00  13.50  14.50  16.50  15.00  14.00  12.50  12.00  11.00
 11.2S / 32:  36.00  37.00  38.50  43.50  49.50  56.00  55.50  59.50  63.50  65.50  74.00  79.00  80.50  70.50  27.50  10.00  10.00  12.00  14.00  14.00  12.50  10.50  10.50  11.50
 13.8S / 31:  35.50  35.50  39.50  43.00  47.50  52.50  59.00  60.50  61.50  63.50  68.50  74.00  75.50  77.00  61.00  14.50   5.50   8.00  12.00  12.50  12.50  10.50  11.00  10.50
 16.2S / 30:  35.50  39.00  45.50  46.50  50.00  55.50  59.00  62.00  64.00  67.50  67.50  72.00  73.50  71.00  69.00  64.00  32.50   8.50   4.00  14.00  15.00  14.50  13.00  13.00
 18.8S / 29:  33.00  33.00  37.50  43.00  46.00  50.00  54.00  57.50  62.00  65.50  68.00  70.50  68.50  68.50  61.50  69.00  64.50  16.00   ....   ....   6.50  24.50  21.50  16.00
 21.2S / 28:  36.00  38.00  36.00  42.00  47.00  51.00  50.50  52.50  59.00  65.50  65.50  64.50  63.50  61.50  60.50  60.00  63.50  49.50   6.50   2.00  26.00  33.00  23.50  17.00
