             VARIABLE : Mean high cloud amount (%)
             FILENAME : ISCCPMonthly_avg.nc
             FILEPATH : /usr/local/fer_data/data/
             SUBSET   : 24 by 24 points (LONGITUDE-LATITUDE)
             TIME     : 16-JUN-1998 00:00
              113.8W 111.2W 108.8W 106.2W 103.8W 101.2W 98.8W  96.2W  93.8W  91.2W  88.8W  86.2W  83.8W  81.2W  78.8W  76.2W  73.8W  71.2W  68.8W  66.2W  63.8W  61.2W  58.8W  56.2W  
               27     28     29     30     31     32     33     34     35     36     37     38     39     40     41     42     43     44     45     46     47     48     49     50
 36.2N / 51:   3.00   1.50   1.50   4.00   5.50   4.00   7.00   7.00  14.00  17.00  17.00  18.50  20.50  20.50  17.00  14.00  13.50  17.50  17.50  17.00  14.00  16.00  15.50  15.50
 33.8N / 50:   0.50   0.50   1.50   4.00   5.50   5.50  10.00  10.00  10.00   8.00   9.00  11.50  13.00  13.00  12.50  10.50  14.00  20.00  18.00  18.00  18.50  17.50  14.00  15.50
 31.2N / 49:   0.00   0.00   2.50   5.50   5.00   7.00   9.50   7.50   7.50   7.00   6.50   8.50   8.00   8.00   7.00   7.00   8.00  12.50  14.00  13.50  14.50  11.00  11.00  11.50
 28.8N / 48:   1.00   2.50   2.50   5.50   6.50  12.00   9.00   5.50   9.50  12.50  12.50  11.00   7.00   7.50   5.00   4.00   7.00  10.00  10.00  10.50   9.50   9.50  12.00  10.50
 26.2N / 47:   1.50   1.00   7.50   7.50   9.00  10.00   9.50   2.50   3.50  11.00  13.50  11.00  11.00   8.50   9.00   5.50   5.50   7.00   8.50   8.00   8.50  10.00  10.00   8.50
 23.8N / 46:   0.00   0.50   1.50  13.50  13.50  15.50  11.50   3.50   2.00   5.50   8.00  11.00  10.50   9.50   9.00   4.50   4.50   3.00   5.00   5.50   5.00   5.50   5.00   4.00
 21.2N / 45:   1.50   2.00   2.00   7.00  20.50  18.50  11.00   3.50   5.50   8.50   8.50  11.00  14.00  15.50  15.00  14.00   6.50   5.00   3.50   2.50   3.50   3.00   3.50   3.50
 18.8N / 44:   9.50   9.50   8.50  10.00  15.50  22.00  26.50  17.00  11.50  14.50  13.50  14.00  14.50  13.50  13.00   9.50  13.00  16.00   8.50   8.50   5.00   5.00   7.00   6.50
 16.2N / 43:  12.50  16.50  17.50  17.50  17.00  22.00  26.00  27.50  31.50  22.00  22.00  15.00  20.50  21.50  17.00  11.50  10.00   9.50   9.50  10.00  10.00  15.50  17.50  14.00
 13.8N / 42:   9.00  17.50  25.00  29.00  32.00  30.00  30.50  30.00  34.50  33.50  33.50  28.00  33.50  31.50  21.00  13.00  12.50  12.50  14.50  14.50  17.00  26.00  21.50  14.50
 11.2N / 41:  16.50  26.50  35.50  44.50  49.00  49.00  49.50  39.50  32.50  36.00  36.50  37.50  45.50  44.00  33.00  28.50  32.00  26.00  16.00  12.00  20.00  27.00  27.00  26.00
 8.8N  / 40:  24.50  40.50  49.00  56.00  57.50  58.00  55.50  50.50  42.00  41.00  41.00  40.50  49.00  51.50  50.00  47.50  44.00  42.50  34.50  32.50  31.50  33.00  28.50  24.50
 6.2N  / 39:  14.50  22.00  32.00  35.00  36.00  38.50  45.50  49.50  56.00  47.50  47.50  47.50  51.00  46.50  50.00  53.50  41.00  31.50  35.00  40.00  39.50  32.50  30.00  23.50
 3.8N  / 38:   3.00  10.00  14.00  14.50  11.50  17.00  23.50  31.00  38.00  44.00  52.00  53.50  46.50  41.50  43.00  34.50  23.50  24.00  30.50  33.00  27.00  28.00  25.00  21.00
 1.2N  / 37:   1.00   0.50   2.50   2.50   2.00   4.00   6.50   9.00  12.50  19.00  24.00  27.00  26.50  28.50  33.50  22.00  19.50  21.50  24.50  25.00  27.00  31.00  26.00  15.00
 1.2S  / 36:   0.00   0.50   0.50   0.50   1.00   2.00   2.50   2.50   2.00   3.50   7.00   6.00   6.50  10.00  15.50  14.00  16.50  18.00  19.00  22.00  27.50  25.00  21.00  13.50
 3.8S  / 35:   0.00   0.50   0.00   0.50   0.50   1.00   1.50   1.00   0.50   1.50   1.00   2.00   2.00   2.50   5.50  12.00  13.50  14.00  14.50  14.00  14.50  15.50  12.00   8.50
 6.2S  / 34:   0.00   0.00   0.00   0.00   0.50   0.50   0.50   1.00   0.50   0.50   0.50   1.00   1.50   1.50   2.00   7.00   8.00   8.50   8.00   6.50   4.00   4.50   5.00   5.00
 8.8S  / 33:   0.00   0.00   0.00   0.00   0.50   0.50   0.50   1.00   0.50   0.00   0.00   0.50   0.50   1.00   2.00   3.50   5.00   4.00   3.00   1.00   1.50   2.50   1.00   1.50
 11.2S / 32:   0.00   0.00   0.00   0.00   0.00   0.00   0.50   0.50   1.00   1.50   0.50   0.50   0.50   0.50   1.50   4.50   5.00   2.50   1.50   1.00   1.00   0.50   0.50   1.00
 13.8S / 31:   0.00   0.00   0.00   0.00   0.00   0.00   0.00   0.50   0.50   1.00   1.50   1.00   1.50   1.00   1.00   2.50   5.50   8.00   4.50   1.50   1.50   0.50   0.00   0.00
 16.2S / 30:   0.00   0.00   0.00   0.00   0.00   0.00   0.00   0.00   0.50   0.50   0.50   1.00   1.00   1.50   1.50   1.50   2.50   6.50   9.00   5.50   4.50   2.50   1.00   0.50
 18.8S / 29:   0.00   0.00   0.00   0.00   0.00   0.00   0.00   0.00   0.00   0.00   0.00   0.50   0.50   1.00   1.50   1.50   1.50   5.50  11.00  11.00   8.50   8.50   7.00   3.00
 21.2S / 28:   0.50   0.50   0.50   0.50   0.00   0.00   0.00   0.00   0.00   0.00   0.00   0.00   0.00   0.50   0.50   1.00   1.50   1.00   8.00   8.50  11.00   9.50   7.50   6.00
