             VARIABLE : Mean Surface pressure (millibars)
             FILENAME : ISCCPMonthly_avg.nc
             FILEPATH : /usr/local/fer_data/data/
             SUBSET   : 24 by 24 points (LONGITUDE-LATITUDE)
             TIME     : 16-AUG-2000 00:00
              113.8W 111.2W 108.8W 106.2W 103.8W 101.2W 98.8W  96.2W  93.8W  91.2W  88.8W  86.2W  83.8W  81.2W  78.8W  76.2W  73.8W  71.2W  68.8W  66.2W  63.8W  61.2W  58.8W  56.2W  
               27     28     29     30     31     32     33     34     35     36     37     38     39     40     41     42     43     44     45     46     47     48     49     50
 36.2N / 51:   945.   920.   920.   920.   820.   935.   980.   980.   995.  1000.  1000.   980.   955.   955.   985.   995.   995.  1000.  1000.  1000.  1000.  1000.  1000.  1000.
 33.8N / 50:   955.   955.   825.   825.   990.   945.   995.   995.  1000.  1000.  1000.   995.   995.   995.  1000.  1000.  1000.  1000.  1000.  1000.  1000.  1000.  1000.  1000.
 31.2N / 49:   960.   960.   940.   930.   935.   945.   975.  1000.  1000.  1000.  1000.  1000.  1000.  1000.  1000.  1000.  1000.  1000.  1000.  1000.  1000.  1000.  1000.  1000.
 28.8N / 48:   980.   955.   955.   925.   935.   975.  1000.  1000.  1000.  1000.  1000.  1000.  1000.  1000.  1000.  1000.  1000.  1000.  1000.  1000.  1000.  1000.  1000.  1000.
 26.2N / 47:   990.   980.   935.   935.   935.   940.  1000.  1000.  1000.  1000.  1000.  1000.  1000.  1000.  1000.  1000.  1000.  1000.  1000.  1000.  1000.  1000.  1000.  1000.
 23.8N / 46:  1000.  1000.  1000.   965.   965.   840.   965.  1000.  1000.  1000.  1000.  1000.  1000.  1000.  1000.  1000.  1000.  1000.  1000.  1000.  1000.  1000.  1000.  1000.
 21.2N / 45:  1000.  1000.  1000.   995.   980.   820.  1000.  1000.  1000.  1000.  1000.  1000.  1000.  1000.  1000.  1000.  1000.  1000.  1000.  1000.  1000.  1000.  1000.  1000.
 18.8N / 44:  1000.  1000.  1000.  1000.   995.   970.   825.   985.  1000.  1000.  1000.  1000.  1000.  1000.  1000.  1000.   995.   995.  1000.  1000.  1000.  1000.  1000.  1000.
 16.2N / 43:  1000.  1000.  1000.  1000.  1000.   990.   985.   970.   970.   985.   985.  1000.  1000.  1000.  1000.  1000.  1000.  1000.  1000.  1000.  1000.  1000.  1000.  1000.
 13.8N / 42:  1000.  1000.  1000.  1000.  1000.  1000.  1000.  1000.   990.   990.   985.   955.  1000.  1000.  1000.  1000.  1000.  1000.  1000.  1000.  1000.  1000.  1000.  1000.
 11.2N / 41:  1000.  1000.  1000.  1000.  1000.  1000.  1000.  1000.  1000.   995.   995.   995.  1000.  1000.  1000.  1000.   995.   990.   995.  1000.  1000.  1000.  1000.  1000.
 8.8N  / 40:  1000.  1000.  1000.  1000.  1000.  1000.  1000.  1000.  1000.   995.   995.   995.   995.   990.   990.  1000.   985.   990.   985.  1000.  1000.  1000.  1000.  1000.
 6.2N  / 39:  1000.  1000.  1000.  1000.  1000.  1000.  1000.  1000.  1000.  1000.  1000.  1000.  1000.  1000.  1000.   995.   980.   990.   985.   970.   965.   985.  1000.  1000.
 3.8N  / 38:  1000.  1000.  1000.  1000.  1000.  1000.  1000.  1000.  1000.  1000.  1000.  1000.  1000.  1000.  1000.   930.   975.   995.   990.   975.   955.   975.   995.   985.
 1.2N  / 37:  1000.  1000.  1000.  1000.  1000.  1000.  1000.  1000.  1000.  1000.  1000.  1000.  1000.  1000.   995.   980.   990.   990.   995.   990.   980.   995.   995.   985.
 1.2S  / 36:  1000.  1000.  1000.  1000.  1000.  1000.  1000.  1000.  1000.   995.  1000.  1000.  1000.  1000.   970.  1000.  1000.  1000.  1000.  1000.  1000.  1000.  1000.  1000.
 3.8S  / 35:  1000.  1000.  1000.  1000.  1000.  1000.  1000.  1000.  1000.  1000.  1000.  1000.  1000.  1000.   950.  1000.  1000.  1000.  1000.  1000.  1000.  1000.  1000.  1000.
 6.2S  / 34:  1000.  1000.  1000.  1000.  1000.  1000.  1000.  1000.  1000.  1000.  1000.  1000.  1000.  1000.   965.   985.  1000.  1000.  1000.  1000.  1000.  1000.  1000.  1000.
 8.8S  / 33:  1000.  1000.  1000.  1000.  1000.  1000.  1000.  1000.  1000.  1000.  1000.  1000.  1000.  1000.   995.   930.   980.  1000.   995.  1000.  1000.  1000.  1000.   990.
 11.2S / 32:  1000.  1000.  1000.  1000.  1000.  1000.  1000.  1000.  1000.  1000.  1000.  1000.  1000.  1000.   990.   945.   970.   990.   995.   995.   980.   995.   995.   985.
 13.8S / 31:  1000.  1000.  1000.  1000.  1000.  1000.  1000.  1000.  1000.  1000.  1000.  1000.  1000.  1000.  1000.   970.   815.   950.   985.  1000.   995.   980.   965.   970.
 16.2S / 30:  1000.  1000.  1000.  1000.  1000.  1000.  1000.  1000.  1000.  1000.  1000.  1000.  1000.  1000.  1000.  1000.  1000.  1000.   920.   990.  1000.   995.   985.   995.
 18.8S / 29:  1000.  1000.  1000.  1000.  1000.  1000.  1000.  1000.  1000.  1000.  1000.  1000.  1000.  1000.  1000.  1000.  1000.   955.   800.   800.   955.   995.   985.   990.
 21.2S / 28:  1000.  1000.  1000.  1000.  1000.  1000.  1000.  1000.  1000.  1000.  1000.  1000.  1000.  1000.  1000.  1000.  1000.  1000.   920.   670.   955.   985.   995.   980.
