             VARIABLE : Mean Surface pressure (millibars)
             FILENAME : ISCCPMonthly_avg.nc
             FILEPATH : /usr/local/fer_data/data/
             SUBSET   : 24 by 24 points (LONGITUDE-LATITUDE)
             TIME     : 16-JUN-1995 00:00
              113.8W 111.2W 108.8W 106.2W 103.8W 101.2W 98.8W  96.2W  93.8W  91.2W  88.8W  86.2W  83.8W  81.2W  78.8W  76.2W  73.8W  71.2W  68.8W  66.2W  63.8W  61.2W  58.8W  56.2W  
               27     28     29     30     31     32     33     34     35     36     37     38     39     40     41     42     43     44     45     46     47     48     49     50
 36.2N / 51:   865.   835.   835.   810.   825.   930.   985.   985.   995.   995.  1000.   995.   945.   945.   985.   990.  1000.  1000.  1000.  1000.  1000.  1000.  1000.  1000.
 33.8N / 50:   925.   925.   835.   830.   860.   945.  1000.  1000.  1000.  1000.  1000.  1000.   995.   995.  1000.  1000.  1000.  1000.  1000.  1000.  1000.  1000.  1000.  1000.
 31.2N / 49:   960.   960.   865.   860.   905.   935.   980.   995.   995.  1000.  1000.  1000.  1000.  1000.  1000.  1000.  1000.  1000.  1000.  1000.  1000.  1000.  1000.  1000.
 28.8N / 48:   980.   955.   955.   810.   870.   950.   995.  1000.  1000.  1000.  1000.  1000.  1000.  1000.  1000.  1000.  1000.  1000.  1000.  1000.  1000.  1000.  1000.  1000.
 26.2N / 47:   990.  1000.   875.   875.   855.   910.   995.  1000.  1000.  1000.  1000.  1000.  1000.  1000.  1000.  1000.  1000.  1000.  1000.  1000.  1000.  1000.  1000.  1000.
 23.8N / 46:  1000.  1000.   995.   800.   800.   815.   865.  1000.  1000.  1000.  1000.  1000.  1000.  1000.  1000.  1000.  1000.  1000.  1000.  1000.  1000.  1000.  1000.  1000.
 21.2N / 45:  1000.  1000.  1000.  1000.   830.   810.   975.  1000.  1000.  1000.  1000.  1000.  1000.  1000.  1000.  1000.  1000.  1000.  1000.  1000.  1000.  1000.  1000.  1000.
 18.8N / 44:  1000.  1000.  1000.   995.   990.   925.   835.   935.  1000.   990.  1000.  1000.  1000.  1000.  1000.  1000.   995.   995.  1000.  1000.  1000.  1000.  1000.  1000.
 16.2N / 43:  1000.  1000.  1000.  1000.   990.   985.   970.   970.   980.   980.   980.  1000.   990.  1000.  1000.  1000.  1000.  1000.  1000.  1000.  1000.  1000.  1000.  1000.
 13.8N / 42:  1000.  1000.  1000.  1000.  1000.  1000.  1000.   990.   985.   970.   970.   940.  1000.  1000.  1000.  1000.  1000.  1000.  1000.  1000.  1000.  1000.  1000.  1000.
 11.2N / 41:  1000.  1000.  1000.  1000.  1000.  1000.  1000.  1000.  1000.  1000.  1000.  1000.  1000.  1000.  1000.  1000.   990.   990.   995.  1000.  1000.  1000.  1000.  1000.
 8.8N  / 40:  1000.  1000.  1000.  1000.  1000.  1000.  1000.  1000.  1000.  1000.  1000.   995.   985.   990.  1000.  1000.  1000.   985.   980.   985.   990.   995.   995.   995.
 6.2N  / 39:  1000.  1000.  1000.  1000.  1000.  1000.  1000.  1000.  1000.  1000.  1000.  1000.  1000.  1000.  1000.   965.   890.   930.   990.   955.   955.   970.   990.  1000.
 3.8N  / 38:  1000.  1000.  1000.  1000.  1000.  1000.  1000.  1000.  1000.  1000.  1000.  1000.  1000.  1000.  1000.   885.   940.   995.   990.   970.   950.   965.  1000.   985.
 1.2N  / 37:  1000.  1000.  1000.  1000.  1000.  1000.  1000.  1000.  1000.  1000.  1000.  1000.  1000.  1000.   970.   930.   975.   990.   995.   990.   990.  1000.  1000.   995.
 1.2S  / 36:  1000.  1000.  1000.  1000.  1000.  1000.  1000.  1000.  1000.  1000.  1000.  1000.  1000.  1000.   835.   995.   995.  1000.  1000.  1000.  1000.  1000.  1000.  1000.
 3.8S  / 35:  1000.  1000.  1000.  1000.  1000.  1000.  1000.  1000.  1000.  1000.  1000.  1000.  1000.  1000.   815.  1000.   995.   995.  1000.  1000.  1000.  1000.  1000.  1000.
 6.2S  / 34:  1000.  1000.  1000.  1000.  1000.  1000.  1000.  1000.  1000.  1000.  1000.  1000.  1000.  1000.   905.   975.  1000.  1000.  1000.  1000.  1000.  1000.  1000.  1000.
 8.8S  / 33:  1000.  1000.  1000.  1000.  1000.  1000.  1000.  1000.  1000.  1000.  1000.  1000.   995.  1000.   970.   795.   985.  1000.   985.  1000.  1000.  1000.  1000.   975.
 11.2S / 32:  1000.  1000.  1000.  1000.  1000.  1000.  1000.  1000.  1000.  1000.  1000.  1000.   990.  1000.   925.   815.   950.   985.   995.   990.   985.   975.   975.   975.
 13.8S / 31:  1000.  1000.  1000.  1000.  1000.  1000.  1000.  1000.  1000.  1000.  1000.  1000.  1000.  1000.  1000.   850.   700.   765.   995.  1000.   995.   965.   960.   955.
 16.2S / 30:  1000.  1000.  1000.  1000.  1000.  1000.  1000.  1000.  1000.  1000.  1000.  1000.  1000.   995.   955.   995.   900.   735.   705.   885.   995.   995.   995.   990.
 18.8S / 29:  1000.  1000.  1000.  1000.  1000.  1000.  1000.  1000.  1000.  1000.  1000.  1000.  1000.  1000.   990.  1000.   985.   820.   655.   655.   815.   985.   980.   995.
 21.2S / 28:  1000.  1000.  1000.  1000.  1000.  1000.  1000.  1000.  1000.  1000.  1000.  1000.  1000.  1000.  1000.   995.  1000.   975.   675.   690.   950.   995.   995.   960.
