             VARIABLE : Mean Surface pressure (millibars)
             FILENAME : ISCCPMonthly_avg.nc
             FILEPATH : /usr/local/fer_data/data/
             SUBSET   : 24 by 24 points (LONGITUDE-LATITUDE)
             TIME     : 16-AUG-1999 00:00
              113.8W 111.2W 108.8W 106.2W 103.8W 101.2W 98.8W  96.2W  93.8W  91.2W  88.8W  86.2W  83.8W  81.2W  78.8W  76.2W  73.8W  71.2W  68.8W  66.2W  63.8W  61.2W  58.8W  56.2W  
               27     28     29     30     31     32     33     34     35     36     37     38     39     40     41     42     43     44     45     46     47     48     49     50
 36.2N / 51:   930.   920.   920.   920.   820.   935.   980.   980.   995.   995.  1000.   990.   960.   960.   995.   995.   995.  1000.  1000.  1000.  1000.  1000.  1000.  1000.
 33.8N / 50:   945.   945.   825.   825.   985.   950.   990.   990.  1000.  1000.  1000.   995.  1000.  1000.   995.   995.  1000.  1000.  1000.  1000.  1000.  1000.  1000.  1000.
 31.2N / 49:   970.   970.   940.   935.   935.   945.   975.   995.   995.   995.  1000.  1000.  1000.  1000.  1000.  1000.  1000.  1000.  1000.  1000.  1000.  1000.  1000.  1000.
 28.8N / 48:   985.   955.   955.   925.   930.   970.  1000.  1000.  1000.  1000.  1000.  1000.  1000.  1000.  1000.  1000.  1000.  1000.  1000.  1000.  1000.  1000.  1000.  1000.
 26.2N / 47:   980.   975.   940.   940.   935.   935.   995.  1000.  1000.  1000.  1000.  1000.  1000.  1000.  1000.  1000.  1000.  1000.  1000.  1000.  1000.  1000.  1000.  1000.
 23.8N / 46:  1000.  1000.  1000.   975.   975.   830.   970.  1000.  1000.  1000.  1000.  1000.  1000.  1000.  1000.  1000.  1000.  1000.  1000.  1000.  1000.  1000.  1000.  1000.
 21.2N / 45:  1000.  1000.  1000.  1000.   980.   815.   995.  1000.  1000.  1000.  1000.  1000.  1000.  1000.  1000.  1000.  1000.  1000.  1000.  1000.  1000.  1000.  1000.  1000.
 18.8N / 44:  1000.  1000.  1000.  1000.  1000.   985.   815.   990.  1000.  1000.  1000.  1000.  1000.  1000.  1000.  1000.   995.  1000.  1000.  1000.  1000.  1000.  1000.  1000.
 16.2N / 43:  1000.  1000.  1000.  1000.  1000.  1000.   975.   965.   975.  1000.  1000.   995.  1000.  1000.  1000.  1000.  1000.  1000.  1000.  1000.  1000.  1000.  1000.  1000.
 13.8N / 42:  1000.  1000.  1000.  1000.  1000.  1000.  1000.  1000.   995.   995.   985.   935.   995.  1000.  1000.  1000.  1000.  1000.  1000.  1000.  1000.  1000.  1000.  1000.
 11.2N / 41:  1000.  1000.  1000.  1000.  1000.  1000.  1000.  1000.  1000.   995.  1000.   995.  1000.  1000.  1000.  1000.  1000.  1000.  1000.  1000.  1000.  1000.  1000.  1000.
 8.8N  / 40:  1000.  1000.  1000.  1000.  1000.  1000.  1000.  1000.  1000.  1000.  1000.  1000.  1000.  1000.   995.   995.   985.   990.   995.   995.   995.   995.  1000.  1000.
 6.2N  / 39:  1000.  1000.  1000.  1000.  1000.  1000.  1000.  1000.  1000.  1000.  1000.  1000.  1000.  1000.  1000.   995.   975.   980.   985.   965.   965.   980.   990.  1000.
 3.8N  / 38:  1000.  1000.  1000.  1000.  1000.  1000.  1000.  1000.  1000.  1000.  1000.  1000.  1000.  1000.  1000.   960.   990.  1000.   995.   970.   955.   970.  1000.  1000.
 1.2N  / 37:  1000.  1000.  1000.  1000.  1000.  1000.  1000.  1000.  1000.  1000.  1000.  1000.  1000.  1000.   995.   985.   985.   990.   995.   990.   980.   985.  1000.  1000.
 1.2S  / 36:  1000.  1000.  1000.  1000.  1000.  1000.  1000.  1000.  1000.  1000.  1000.  1000.  1000.  1000.   955.  1000.  1000.  1000.  1000.  1000.  1000.  1000.  1000.  1000.
 3.8S  / 35:  1000.  1000.  1000.  1000.  1000.  1000.  1000.  1000.  1000.  1000.  1000.  1000.  1000.   995.   940.  1000.  1000.  1000.  1000.  1000.  1000.  1000.  1000.  1000.
 6.2S  / 34:  1000.  1000.  1000.  1000.  1000.  1000.  1000.  1000.  1000.  1000.  1000.  1000.  1000.  1000.   970.   985.  1000.  1000.  1000.  1000.  1000.  1000.  1000.  1000.
 8.8S  / 33:  1000.  1000.  1000.  1000.  1000.  1000.  1000.  1000.  1000.  1000.  1000.  1000.  1000.  1000.  1000.   930.   995.  1000.  1000.  1000.  1000.  1000.  1000.   975.
 11.2S / 32:  1000.  1000.  1000.  1000.  1000.  1000.  1000.  1000.  1000.  1000.  1000.  1000.  1000.  1000.   995.   950.   965.   990.  1000.   995.   985.   990.   990.   990.
 13.8S / 31:  1000.  1000.  1000.  1000.  1000.  1000.  1000.  1000.  1000.  1000.  1000.  1000.  1000.  1000.  1000.   975.   810.   950.   995.  1000.  1000.   980.   970.   975.
 16.2S / 30:  1000.  1000.  1000.  1000.  1000.  1000.  1000.  1000.  1000.  1000.  1000.  1000.  1000.  1000.  1000.  1000.  1000.   980.   665.   980.  1000.  1000.   990.   985.
 18.8S / 29:  1000.  1000.  1000.  1000.  1000.  1000.  1000.  1000.  1000.  1000.  1000.  1000.  1000.  1000.  1000.  1000.  1000.   980.   800.   800.   965.   990.   975.   990.
 21.2S / 28:  1000.  1000.  1000.  1000.  1000.  1000.  1000.  1000.  1000.  1000.  1000.  1000.  1000.  1000.  1000.  1000.  1000.  1000.   980.   670.   960.  1000.  1000.   975.
