             VARIABLE : Mean TS from clear sky composite (kelvin)
             FILENAME : ISCCPMonthly_avg.nc
             FILEPATH : /usr/local/fer_data/data/
             SUBSET   : 24 by 24 points (LONGITUDE-LATITUDE)
             TIME     : 16-DEC-1997 00:00
              113.8W 111.2W 108.8W 106.2W 103.8W 101.2W 98.8W  96.2W  93.8W  91.2W  88.8W  86.2W  83.8W  81.2W  78.8W  76.2W  73.8W  71.2W  68.8W  66.2W  63.8W  61.2W  58.8W  56.2W  
               27     28     29     30     31     32     33     34     35     36     37     38     39     40     41     42     43     44     45     46     47     48     49     50
 36.2N / 51:  274.4  269.7  269.7  266.0  268.4  272.1  273.8  273.8  274.4  274.4  274.4  275.6  275.0  275.0  276.7  282.2  293.6  292.2  292.2  291.2  291.2  290.2  290.2  290.2
 33.8N / 50:  279.5  279.5  272.7  270.9  272.7  277.3  277.8  277.8  278.4  278.9  279.5  280.0  280.5  280.5  283.2  293.2  295.0  292.7  291.7  291.7  291.7  291.7  291.2  293.2
 31.2N / 49:  284.2  284.2  277.8  276.1  278.4  280.5  281.6  282.7  282.7  283.2  283.2  284.2  284.2  290.7  296.0  296.0  295.0  294.1  293.6  293.6  293.6  293.6  293.6  295.5
 28.8N / 48:  289.8  285.8  285.8  278.4  281.6  283.7  285.2  288.3  291.2  291.7  291.7  293.2  292.2  288.8  296.5  295.5  296.0  296.0  296.0  296.0  295.0  295.0  296.9  297.4
 26.2N / 47:  292.7  294.1  285.2  285.2  283.2  285.8  289.3  295.0  296.5  297.8  297.4  297.4  297.4  292.7  295.0  296.9  297.8  297.4  297.4  297.4  297.4  298.3  298.3  298.7
 23.8N / 46:  297.4  296.5  297.8  286.3  286.3  284.7  287.8  296.5  298.7  298.7  298.7  300.5  297.4  297.8  298.3  298.7  298.7  298.7  298.3  298.7  298.3  298.7  299.2  299.2
 21.2N / 45:  295.5  297.8  299.2  299.2  288.8  288.3  292.7  298.7  300.5  297.4  297.4  297.4  299.6  298.7  298.3  298.3  299.6  299.2  300.1  300.1  299.2  300.1  300.1  300.5
 18.8N / 44:  297.8  297.8  299.2  301.0  298.3  295.0  292.2  292.7  297.8  297.8  296.0  301.4  300.5  300.5  300.5  300.5  299.2  297.8  299.6  299.6  299.6  299.6  300.1  300.5
 16.2N / 43:  299.6  300.1  300.5  302.3  302.8  301.0  296.9  296.0  294.1  293.6  293.6  299.2  299.6  300.5  300.5  300.1  300.5  300.1  300.5  300.5  300.5  300.5  300.5  301.0
 13.8N / 42:  300.1  301.0  301.4  301.4  301.9  302.3  301.9  301.9  302.3  298.7  296.5  295.0  297.4  300.5  301.0  301.0  300.5  300.1  300.5  300.5  300.1  300.5  300.5  300.5
 11.2N / 41:  301.0  302.8  302.3  302.3  301.9  302.3  302.8  302.3  301.9  301.9  301.4  299.2  299.2  301.0  300.5  300.5  300.1  301.4  298.7  299.2  298.7  300.1  300.1  300.1
 8.8N  / 40:  302.8  303.2  302.3  302.8  302.3  302.3  302.8  301.9  301.9  302.3  302.3  302.8  302.3  298.7  299.2  298.7  300.5  298.7  298.7  301.0  300.1  297.4  298.7  300.1
 6.2N  / 39:  301.4  302.3  302.8  303.2  302.8  302.8  303.2  302.8  303.2  302.8  302.3  303.2  303.6  302.8  300.1  294.6  294.6  297.4  300.5  299.2  295.5  294.1  294.6  297.8
 3.8N  / 38:  301.0  301.4  302.3  302.8  301.4  302.3  303.2  303.2  303.6  303.6  303.6  303.6  301.9  301.4  299.6  291.7  295.0  298.7  297.8  296.5  292.7  296.0  295.5  292.7
 1.2N  / 37:  301.4  301.9  300.5  301.0  300.5  301.0  301.0  301.0  301.0  301.0  301.4  301.9  301.0  299.6  293.6  292.2  295.5  294.6  294.6  296.9  296.5  297.8  296.5  295.5
 1.2S  / 36:  301.4  301.0  300.1  300.1  299.6  300.1  300.1  300.1  300.5  298.7  299.6  300.1  300.5  298.3  286.8  292.7  294.1  293.6  293.2  296.0  297.8  296.9  296.5  298.7
 3.8S  / 35:  300.1  299.2  301.0  301.0  300.5  300.5  299.2  299.2  299.6  299.6  299.6  299.2  299.2  297.8  286.3  291.7  293.6  293.2  293.2  294.1  295.0  296.9  297.8  297.4
 6.2S  / 34:  299.6  299.2  299.2  299.2  298.3  299.2  299.2  299.2  298.7  298.7  298.7  298.7  298.3  296.9  290.2  290.2  295.0  293.2  293.6  295.0  296.0  296.0  295.5  294.6
 8.8S  / 33:  298.7  298.3  298.3  297.8  297.4  297.4  296.9  296.9  298.3  298.7  298.7  299.2  298.3  297.8  296.0  284.7  293.2  293.6  294.1  294.6  296.0  296.5  295.5  294.1
 11.2S / 32:  298.3  298.3  297.8  296.9  296.5  296.0  295.0  295.0  295.0  295.0  295.0  296.0  296.0  296.9  293.2  283.7  290.2  293.6  295.0  295.5  294.1  294.1  294.1  294.1
 13.8S / 31:  297.8  297.4  296.9  295.5  295.0  295.0  294.6  294.1  294.1  293.6  293.2  293.2  293.6  293.6  294.1  292.2  284.7  284.7  293.2  297.8  296.9  293.6  294.6  295.0
 16.2S / 30:  297.4  296.5  296.0  295.0  294.6  294.1  293.6  293.6  292.7  291.7  291.7  291.7  291.7  291.7  292.2  292.2  296.0  293.6  287.3  290.2  296.0  296.5  298.3  299.6
 18.8S / 29:  296.5  296.5  296.0  295.5  295.0  294.6  293.6  293.2  292.7  292.2  291.7  290.7  290.7  290.7  291.2  292.2  293.6  298.3  292.2  292.2  293.6  298.3  299.6  301.4
 21.2S / 28:  296.5  296.0  295.0  294.6  294.1  294.1  293.6  293.2  292.2  291.7  291.7  291.2  290.7  290.2  289.8  290.2  290.7  295.5  297.4  294.6  300.1  301.9  300.5  298.7
