             VARIABLE : Mean TS from clear sky composite (kelvin)
             FILENAME : ISCCPMonthly_avg.nc
             FILEPATH : /usr/local/fer_data/data/
             SUBSET   : 24 by 24 points (LONGITUDE-LATITUDE)
             TIME     : 16-JAN-1996 00:00
              113.8W 111.2W 108.8W 106.2W 103.8W 101.2W 98.8W  96.2W  93.8W  91.2W  88.8W  86.2W  83.8W  81.2W  78.8W  76.2W  73.8W  71.2W  68.8W  66.2W  63.8W  61.2W  58.8W  56.2W  
               27     28     29     30     31     32     33     34     35     36     37     38     39     40     41     42     43     44     45     46     47     48     49     50
 36.2N / 51:  277.3  272.7  272.7  269.7  274.4  276.7  278.4  278.4  278.4  277.3  275.6  274.4  273.8  273.8  275.0  280.0  289.8  290.2  290.2  289.3  290.2  289.8  289.8  289.8
 33.8N / 50:  284.2  284.2  277.3  276.1  278.4  280.5  281.6  281.6  281.6  281.1  280.0  277.8  278.4  278.4  281.1  290.2  291.2  289.8  289.3  289.3  289.8  290.2  290.2  290.2
 31.2N / 49:  287.8  287.8  283.2  281.6  282.7  283.7  284.7  284.2  284.2  283.7  282.2  281.6  282.2  289.3  294.6  294.6  292.7  291.7  291.2  291.2  291.2  292.2  292.2  291.7
 28.8N / 48:  290.2  289.8  289.8  282.7  285.2  286.3  288.3  288.8  289.8  290.7  290.7  292.7  289.8  288.3  295.0  293.6  293.2  293.2  293.2  293.2  293.6  293.6  294.1  294.1
 26.2N / 47:  291.7  292.2  289.3  289.3  285.8  287.3  290.7  293.6  294.1  295.0  296.0  296.0  296.0  290.2  293.6  295.5  295.5  296.0  295.0  295.5  295.5  296.9  296.9  296.5
 23.8N / 46:  293.6  294.1  294.1  287.8  287.8  286.8  289.3  294.1  295.5  295.5  296.0  296.9  295.0  295.5  295.0  296.5  296.5  296.9  296.9  296.9  296.9  296.9  297.8  298.3
 21.2N / 45:  296.0  296.5  296.5  295.5  290.2  288.8  292.2  295.5  296.5  295.0  295.0  296.0  297.8  296.9  295.5  295.5  297.4  298.3  298.3  298.3  298.3  298.3  299.2  298.7
 18.8N / 44:  297.4  297.4  297.4  297.8  296.9  294.6  290.7  292.2  295.5  295.0  294.1  298.7  298.7  299.2  298.7  299.2  298.3  296.5  298.7  298.7  298.7  299.2  299.6  299.2
 16.2N / 43:  297.8  298.3  299.2  299.2  300.1  299.2  295.5  294.6  291.7  291.7  291.7  297.4  298.3  300.1  300.1  300.5  300.5  300.5  299.6  299.6  299.2  299.2  299.6  299.6
 13.8N / 42:  298.3  298.7  299.2  299.2  300.1  300.1  300.1  299.2  299.6  297.4  295.5  293.2  296.5  300.5  300.1  300.1  300.1  300.1  299.6  300.1  299.6  299.6  300.1  300.1
 11.2N / 41:  298.7  298.7  299.6  299.6  299.2  299.2  299.2  298.7  300.1  300.1  298.7  296.5  298.3  300.1  299.6  299.6  298.7  299.6  298.3  298.7  299.2  299.6  299.6  300.1
 8.8N  / 40:  298.7  299.6  299.6  298.7  298.3  298.7  299.2  299.2  298.7  297.8  297.8  298.3  298.3  296.0  297.4  297.4  301.0  296.5  297.8  300.5  299.6  297.4  298.3  300.1
 6.2N  / 39:  297.8  298.7  299.2  298.7  298.7  298.7  298.3  298.7  298.7  298.7  298.3  299.6  300.1  300.5  299.2  291.2  293.2  295.5  300.5  298.7  295.5  293.6  294.6  297.8
 3.8N  / 38:  296.5  296.0  295.5  296.0  296.9  296.5  296.9  297.4  297.8  297.4  296.9  297.4  297.8  297.4  295.0  288.8  292.7  298.7  296.9  295.5  292.2  296.0  295.0  293.6
 1.2N  / 37:  295.0  295.5  295.5  295.0  295.5  295.5  295.5  295.5  295.5  296.0  296.0  296.0  296.0  296.0  288.3  288.8  295.5  294.6  293.6  294.1  293.2  295.5  293.6  293.6
 1.2S  / 36:  296.0  295.5  295.0  295.0  295.0  295.0  295.0  295.0  294.6  295.0  295.5  295.0  295.0  294.1  282.7  292.7  294.6  294.1  293.6  293.2  293.2  294.1  295.0  297.4
 3.8S  / 35:  296.9  296.5  296.5  296.5  296.0  296.0  296.0  296.0  296.0  296.9  296.5  296.0  293.6  293.6  285.2  289.8  292.2  292.7  292.7  293.2  294.1  294.6  295.0  295.5
 6.2S  / 34:  296.5  296.9  296.5  296.5  296.5  296.5  296.5  296.5  296.5  296.5  296.9  296.5  296.0  294.6  291.7  288.8  293.2  292.7  291.7  291.7  292.7  293.2  293.6  294.1
 8.8S  / 33:  297.4  296.9  296.9  296.5  296.5  296.9  296.5  296.5  296.5  296.5  296.5  296.5  296.5  296.0  293.2  283.7  289.8  291.7  289.8  291.2  292.7  291.7  293.2  294.1
 11.2S / 32:  297.8  297.4  296.9  296.9  296.5  296.9  296.5  296.0  296.0  296.0  296.0  296.5  296.0  296.0  292.2  280.0  286.3  290.2  290.7  290.7  290.7  291.2  291.2  293.2
 13.8S / 31:  297.4  297.4  296.9  296.5  296.5  296.5  296.5  296.0  295.5  295.5  295.5  295.0  295.5  296.0  295.5  291.7  278.9  280.0  292.7  295.5  294.6  293.2  293.2  294.6
 16.2S / 30:  296.9  296.9  296.5  296.5  296.0  296.0  295.5  295.0  295.0  295.0  295.0  294.1  294.6  294.6  295.0  294.6  295.0  287.3  281.6  288.8  293.2  294.6  295.0  295.5
 18.8S / 29:  296.9  296.9  296.9  296.5  296.5  296.0  296.0  295.0  295.0  294.6  294.1  294.1  293.6  293.2  293.6  294.6  295.5  295.0  285.2  285.2  288.8  298.7  298.3  299.2
 21.2S / 28:  296.9  296.9  296.5  296.5  296.0  296.5  295.5  295.0  295.0  294.6  294.6  294.1  294.1  293.2  292.7  293.2  294.6  296.0  293.2  288.8  297.4  302.3  300.5  297.4
