             VARIABLE : Mean TS from clear sky composite (kelvin)
             FILENAME : ISCCPMonthly_avg.nc
             FILEPATH : /usr/local/fer_data/data/
             SUBSET   : 24 by 24 points (LONGITUDE-LATITUDE)
             TIME     : 16-APR-1996 00:00
              113.8W 111.2W 108.8W 106.2W 103.8W 101.2W 98.8W  96.2W  93.8W  91.2W  88.8W  86.2W  83.8W  81.2W  78.8W  76.2W  73.8W  71.2W  68.8W  66.2W  63.8W  61.2W  58.8W  56.2W  
               27     28     29     30     31     32     33     34     35     36     37     38     39     40     41     42     43     44     45     46     47     48     49     50
 36.2N / 51:  293.6  290.2  290.2  286.3  289.3  292.2  291.2  291.2  289.8  287.3  287.3  286.3  286.3  286.3  288.3  288.3  293.6  292.7  292.7  291.7  291.2  288.8  289.3  289.3
 33.8N / 50:  299.2  299.2  291.7  291.2  292.2  294.1  292.2  292.2  289.8  289.3  288.8  288.3  289.3  289.3  289.8  294.1  293.2  291.7  290.7  290.7  290.2  290.2  290.2  290.7
 31.2N / 49:  299.6  299.6  296.5  295.5  296.0  296.5  295.0  292.7  292.7  291.2  290.2  290.7  291.2  292.7  295.0  295.0  293.6  293.2  292.7  292.2  292.7  292.2  292.2  293.2
 28.8N / 48:  297.8  300.5  300.5  295.0  298.7  300.5  300.5  294.6  293.2  294.1  294.1  294.1  292.7  294.6  296.0  295.0  294.6  295.0  295.0  294.6  294.1  294.6  294.6  294.6
 26.2N / 47:  294.6  297.8  298.3  298.3  297.8  300.1  302.8  296.0  296.0  296.9  298.3  298.3  298.3  295.5  296.9  296.0  296.0  296.0  296.5  296.0  296.5  296.0  296.0  296.5
 23.8N / 46:  292.7  296.9  298.3  295.0  295.0  296.5  299.6  297.4  298.3  297.8  298.3  300.1  298.3  297.8  296.9  296.9  296.9  296.9  296.9  296.9  297.4  296.9  297.4  297.8
 21.2N / 45:  295.0  295.5  296.9  298.3  297.4  296.9  299.6  298.3  298.7  299.6  299.6  299.2  299.2  299.2  298.7  299.2  297.8  297.4  297.8  297.8  298.3  297.8  297.8  298.3
 18.8N / 44:  297.8  297.8  297.8  299.2  299.2  300.1  298.7  298.7  300.1  300.5  297.8  299.6  299.6  299.6  299.2  298.7  298.7  296.9  297.8  297.8  298.3  298.7  298.7  298.7
 16.2N / 43:  298.3  298.7  299.2  300.5  301.4  300.5  299.6  299.2  297.4  297.4  297.4  298.3  299.2  299.6  299.6  299.2  299.2  298.7  299.6  298.3  298.7  299.2  299.2  298.7
 13.8N / 42:  299.2  300.1  301.0  302.3  301.4  301.0  301.9  301.0  301.0  299.6  298.3  298.7  298.3  299.6  299.2  299.6  299.2  299.2  298.7  298.3  298.7  299.2  298.7  298.7
 11.2N / 41:  301.4  301.9  301.9  301.9  301.4  301.4  301.4  301.0  301.0  301.0  300.1  300.5  299.2  300.1  299.2  300.1  300.1  300.5  298.7  298.3  298.3  298.7  298.7  298.7
 8.8N  / 40:  301.0  301.9  301.4  301.9  301.4  301.9  301.4  301.4  301.0  300.5  300.5  301.0  299.2  297.8  298.7  296.5  298.7  295.5  299.2  304.9  303.6  300.1  297.4  298.7
 6.2N  / 39:  301.0  301.4  301.0  301.9  301.4  301.4  301.4  301.9  300.5  300.1  300.5  301.4  301.9  301.0  297.8  290.2  291.2  295.5  304.5  300.5  295.0  295.5  295.0  297.4
 3.8N  / 38:  301.4  301.4  302.8  301.9  300.5  300.5  300.5  300.1  299.2  298.7  299.6  299.6  299.2  299.6  297.4  288.8  293.2  298.3  296.9  295.5  292.2  298.7  297.8  294.6
 1.2N  / 37:  299.2  298.7  298.7  298.7  298.7  298.3  297.8  298.3  297.8  297.4  297.4  296.9  296.9  297.4  292.2  290.7  295.0  296.0  296.9  296.0  295.0  297.4  295.0  294.1
 1.2S  / 36:  298.7  298.7  298.7  298.7  297.8  297.8  297.8  297.4  296.9  296.0  296.0  294.6  294.1  295.5  290.2  294.1  296.5  295.5  296.0  295.5  295.5  296.0  295.0  295.0
 3.8S  / 35:  299.6  299.6  299.2  299.6  299.2  299.2  299.6  299.2  298.3  299.6  298.7  296.9  294.6  295.5  288.8  295.0  295.5  295.0  295.0  295.0  295.5  295.5  296.5  295.5
 6.2S  / 34:  300.1  299.6  299.6  299.2  299.2  299.2  299.6  300.5  299.6  299.2  299.6  299.2  297.4  294.1  292.2  291.2  295.0  293.2  294.1  294.6  295.0  296.5  294.1  294.6
 8.8S  / 33:  299.2  299.2  299.2  299.2  298.3  298.3  298.7  298.7  298.7  298.7  298.7  298.7  297.8  296.0  293.2  286.3  294.6  295.0  294.1  295.0  296.0  296.0  296.0  294.6
 11.2S / 32:  299.2  298.7  297.8  298.3  297.4  297.4  297.4  297.4  297.4  297.4  297.4  296.9  296.9  295.5  293.2  285.2  292.2  295.0  295.5  295.5  295.5  295.5  295.5  295.5
 13.8S / 31:  298.3  297.8  297.4  297.4  296.9  296.5  296.5  295.5  296.0  295.5  296.0  295.5  295.5  295.5  293.2  293.2  283.2  283.7  293.6  297.4  296.9  295.5  297.8  298.7
 16.2S / 30:  297.4  296.9  296.5  296.5  295.5  295.0  295.0  295.0  294.6  294.6  294.6  294.6  293.6  294.1  293.6  292.2  293.6  288.8  283.7  291.7  296.0  296.9  298.3  301.0
 18.8S / 29:  296.9  296.9  296.5  296.0  295.0  295.0  294.6  294.1  293.6  293.6  292.7  292.7  292.2  292.2  292.7  292.2  291.7  292.7  287.3  287.3  291.2  298.3  299.2  300.1
 21.2S / 28:  296.9  296.5  296.0  296.0  295.0  294.6  294.1  294.1  293.6  292.7  292.7  292.7  291.7  291.2  291.2  291.2  290.7  291.7  289.3  288.8  295.5  300.5  299.2  297.8
