             VARIABLE : Mean TS from clear sky composite (kelvin)
             FILENAME : ISCCPMonthly_avg.nc
             FILEPATH : /usr/local/fer_data/data/
             SUBSET   : 24 by 24 points (LONGITUDE-LATITUDE)
             TIME     : 16-NOV-1998 00:00
              113.8W 111.2W 108.8W 106.2W 103.8W 101.2W 98.8W  96.2W  93.8W  91.2W  88.8W  86.2W  83.8W  81.2W  78.8W  76.2W  73.8W  71.2W  68.8W  66.2W  63.8W  61.2W  58.8W  56.2W  
               27     28     29     30     31     32     33     34     35     36     37     38     39     40     41     42     43     44     45     46     47     48     49     50
 36.2N / 51:  282.2  278.9  278.9  276.1  280.0  282.7  283.7  283.7  284.2  284.2  284.2  284.2  283.7  283.7  284.2  288.8  296.9  295.5  295.5  294.6  294.6  293.2  293.2  293.2
 33.8N / 50:  288.3  288.3  283.2  283.7  285.2  286.8  287.3  287.3  286.3  287.3  287.8  287.8  287.8  287.8  289.3  296.5  295.5  294.1  294.1  294.1  294.1  294.6  294.1  293.6
 31.2N / 49:  292.7  292.7  288.8  286.3  287.8  288.3  289.3  289.3  289.3  289.8  289.8  289.8  290.2  296.0  298.7  298.7  296.5  295.5  295.0  295.0  295.0  295.0  295.0  295.0
 28.8N / 48:  293.6  295.0  295.0  292.2  290.7  291.2  292.2  294.1  296.5  296.0  296.0  297.4  296.0  294.1  297.4  296.5  296.9  296.9  296.9  296.5  296.5  296.5  296.5  296.5
 26.2N / 47:  294.6  297.8  294.1  294.1  292.2  292.2  293.6  296.5  298.3  298.3  298.3  298.7  298.7  296.0  297.8  298.3  297.8  297.4  297.4  297.4  297.4  297.4  297.4  297.4
 23.8N / 46:  295.0  297.8  299.2  293.2  293.2  293.6  292.7  297.8  298.7  298.7  298.7  299.6  299.2  298.3  298.7  299.2  299.2  299.2  299.2  299.2  299.2  299.2  299.2  298.7
 21.2N / 45:  296.0  297.8  299.2  299.2  292.2  290.2  294.1  298.7  299.6  296.9  296.9  297.4  299.6  299.2  297.8  298.3  299.2  299.2  299.6  299.2  299.6  300.1  300.5  299.6
 18.8N / 44:  298.3  298.3  299.2  300.1  298.7  295.5  293.6  294.1  297.4  296.5  295.0  300.5  300.5  300.5  299.6  299.6  298.3  297.4  299.6  299.6  299.6  300.1  301.0  300.5
 16.2N / 43:  298.7  299.2  300.5  301.9  301.4  301.0  296.5  296.5  293.2  293.2  293.2  296.5  298.7  301.0  301.0  300.1  300.1  300.5  300.5  300.5  301.0  301.4  300.5  300.1
 13.8N / 42:  299.2  299.6  301.0  301.9  302.3  301.4  301.0  300.1  300.1  298.7  296.9  293.2  296.5  300.5  300.5  300.5  300.5  300.1  300.5  301.0  300.5  300.1  299.6  299.6
 11.2N / 41:  298.7  299.6  300.5  301.0  300.5  300.1  298.7  299.2  299.2  299.2  299.2  296.0  297.8  300.1  300.1  299.2  298.3  298.7  297.8  299.2  298.3  299.2  299.2  299.2
 8.8N  / 40:  297.4  297.8  298.3  299.2  299.6  298.3  297.4  297.8  298.3  298.3  298.3  298.3  296.5  296.5  297.8  298.3  298.3  295.5  298.7  300.5  298.3  297.8  297.4  299.6
 6.2N  / 39:  297.8  297.4  297.4  297.8  296.5  296.5  295.5  296.5  296.5  296.9  296.9  296.5  296.0  296.5  295.0  293.2  293.2  296.5  300.5  298.3  294.6  295.0  296.9  298.7
 3.8N  / 38:  296.9  296.5  296.5  296.9  296.0  296.0  295.5  295.5  295.5  296.5  295.5  295.5  295.0  296.5  295.0  289.3  295.0  298.7  297.8  295.5  293.2  299.2  298.3  296.9
 1.2N  / 37:  295.0  295.0  294.1  295.0  294.6  295.0  295.0  295.0  295.0  295.5  295.5  294.6  294.1  294.6  291.7  293.6  296.9  296.5  296.9  296.5  297.4  298.3  296.9  296.9
 1.2S  / 36:  294.1  294.1  294.1  294.1  293.6  293.2  293.6  293.6  293.2  293.6  294.1  293.2  292.2  293.2  289.8  295.0  297.4  297.8  296.9  298.7  298.3  297.8  298.3  299.2
 3.8S  / 35:  296.0  296.0  296.0  296.0  295.0  294.6  294.6  294.1  294.1  294.1  293.6  292.7  291.7  294.6  292.2  296.0  296.9  297.4  297.4  298.3  298.3  298.3  298.7  297.4
 6.2S  / 34:  296.9  296.9  296.5  296.5  295.5  295.5  295.0  294.6  294.6  294.1  293.6  293.2  292.7  292.7  296.0  292.7  297.8  297.8  296.0  297.4  297.4  297.4  296.9  295.0
 8.8S  / 33:  297.8  297.4  296.9  296.5  295.5  295.0  294.1  293.6  293.6  293.6  293.6  293.2  292.7  292.2  292.2  292.2  293.6  297.4  296.5  296.5  297.4  297.4  297.8  295.5
 11.2S / 32:  297.8  297.4  296.5  296.0  295.0  295.0  294.1  293.2  292.7  292.2  292.2  291.7  291.2  291.2  292.7  289.8  292.2  296.0  297.4  297.4  295.5  295.0  295.0  295.0
 13.8S / 31:  297.4  296.9  296.5  296.0  294.6  294.1  293.2  292.7  292.2  291.7  291.2  290.2  290.2  290.2  290.7  295.5  288.8  289.8  296.0  300.5  298.3  296.0  298.3  297.4
 16.2S / 30:  296.5  295.5  295.0  294.6  293.6  293.2  292.2  291.7  290.7  290.2  290.2  289.8  289.8  289.3  289.3  290.2  293.6  298.7  287.8  296.5  300.5  300.1  300.5  301.9
 18.8S / 29:  295.5  295.5  295.5  294.6  293.6  292.7  292.7  291.7  291.2  290.2  289.8  289.3  288.8  288.3  287.3  289.3  290.7  296.9  298.3  298.3  295.5  300.1  300.5  302.8
 21.2S / 28:  295.5  295.0  294.6  294.1  293.2  292.2  292.2  291.2  290.7  290.2  290.2  289.3  288.8  288.3  286.8  285.2  286.3  292.2  298.7  291.7  299.6  301.4  301.9  301.4
