             VARIABLE : Mean TS from clear sky composite (kelvin)
             FILENAME : ISCCPMonthly_avg.nc
             FILEPATH : /usr/local/fer_data/data/
             SUBSET   : 24 by 24 points (LONGITUDE-LATITUDE)
             TIME     : 16-NOV-1999 00:00
              113.8W 111.2W 108.8W 106.2W 103.8W 101.2W 98.8W  96.2W  93.8W  91.2W  88.8W  86.2W  83.8W  81.2W  78.8W  76.2W  73.8W  71.2W  68.8W  66.2W  63.8W  61.2W  58.8W  56.2W  
               27     28     29     30     31     32     33     34     35     36     37     38     39     40     41     42     43     44     45     46     47     48     49     50
 36.2N / 51:  286.3  282.7  282.7  279.5  282.7  286.8  287.3  287.3  286.8  285.8  285.8  284.7  284.2  284.2  285.8  290.2  296.0  295.0  295.0  294.6  294.6  293.6  293.6  293.6
 33.8N / 50:  291.2  291.2  287.8  283.7  286.3  288.3  289.3  289.3  288.3  287.3  286.3  285.8  286.3  286.3  289.8  296.0  295.0  294.6  294.6  294.6  294.6  294.6  294.1  294.1
 31.2N / 49:  294.6  294.6  290.7  287.8  288.8  289.3  290.7  289.8  289.8  288.8  288.3  288.8  288.8  295.5  296.5  296.5  295.5  295.5  295.5  295.0  295.5  295.0  295.0  296.0
 28.8N / 48:  294.6  295.5  295.5  292.7  290.2  290.7  292.7  294.6  295.5  295.5  295.5  296.5  295.0  292.7  296.9  296.0  296.0  296.5  296.5  296.0  296.5  296.5  296.9  297.4
 26.2N / 47:  294.1  297.8  294.6  294.6  289.8  290.7  294.1  296.9  297.4  297.4  297.4  297.4  297.4  294.6  296.0  297.4  297.8  297.4  297.8  297.8  297.4  297.8  297.8  297.8
 23.8N / 46:  295.0  298.3  299.2  291.2  291.2  290.7  292.2  297.4  298.3  297.4  297.4  298.3  297.4  296.5  297.4  298.7  298.7  299.2  299.2  298.3  298.3  298.7  298.7  298.3
 21.2N / 45:  296.0  297.8  299.2  299.6  290.7  288.8  292.7  297.8  297.8  295.0  295.0  295.5  297.8  298.3  296.9  296.9  298.7  298.7  298.7  299.2  299.2  299.2  299.2  298.7
 18.8N / 44:  298.3  298.3  298.7  300.1  298.3  295.5  291.7  291.2  295.5  293.6  293.6  299.6  300.1  299.2  299.2  299.6  297.8  296.5  298.7  298.7  300.1  299.6  300.1  299.6
 16.2N / 43:  299.2  299.2  299.6  300.1  300.5  299.6  296.5  294.6  291.2  291.2  291.2  296.5  298.3  299.2  299.6  300.1  300.1  300.1  300.1  300.1  300.5  299.6  300.1  299.6
 13.8N / 42:  298.3  299.6  299.6  299.2  299.6  300.5  299.6  299.2  299.2  298.3  296.0  294.1  296.5  299.2  300.1  300.1  300.5  300.5  300.5  300.5  299.6  300.1  300.1  299.2
 11.2N / 41:  298.3  298.3  298.7  299.2  299.2  298.7  298.3  296.9  299.2  300.5  299.2  296.0  297.4  298.7  299.6  299.2  296.5  296.9  297.8  299.6  298.7  299.6  299.6  300.5
 8.8N  / 40:  297.8  297.8  298.3  297.8  298.3  298.3  297.8  297.8  297.8  298.3  298.3  297.8  296.0  294.1  295.5  295.5  294.6  294.1  296.9  297.8  298.3  297.4  298.7  300.5
 6.2N  / 39:  296.5  296.5  296.0  296.0  295.5  296.0  295.5  295.0  295.5  295.5  295.5  295.5  296.0  295.0  294.6  290.2  292.2  296.9  300.1  296.9  295.5  295.5  297.8  298.3
 3.8N  / 38:  294.6  294.6  294.1  294.6  294.1  294.1  294.1  294.6  294.6  295.5  295.0  295.0  294.6  294.6  294.1  288.3  295.5  299.6  298.7  298.3  295.0  298.7  297.4  297.4
 1.2N  / 37:  293.6  293.2  292.2  293.2  292.7  292.7  292.7  293.2  294.6  295.0  294.6  293.6  293.2  294.1  290.2  294.6  297.8  297.4  297.8  297.4  297.4  297.8  296.9  297.8
 1.2S  / 36:  293.2  292.7  292.2  292.2  292.2  291.7  291.7  291.7  291.7  292.7  292.7  291.2  290.7  292.7  292.2  297.4  299.2  299.2  299.6  298.7  298.3  298.7  298.7  298.3
 3.8S  / 35:  294.6  294.6  294.1  293.6  293.2  293.2  292.7  292.7  292.7  292.7  292.2  291.2  290.2  293.2  293.2  296.9  296.9  297.4  298.3  298.7  298.3  298.3  299.6  298.7
 6.2S  / 34:  296.0  295.5  295.0  294.6  294.6  294.6  293.6  293.6  293.2  293.2  292.7  292.2  291.2  290.7  296.0  293.6  297.4  296.5  296.9  297.8  298.3  298.3  297.8  297.8
 8.8S  / 33:  296.0  295.5  295.5  294.6  295.0  294.6  294.1  293.6  293.2  292.7  292.7  292.2  291.2  291.2  291.2  292.2  294.6  296.5  296.0  296.9  298.3  298.3  296.9  296.0
 11.2S / 32:  296.5  296.0  295.5  295.0  294.6  294.1  293.6  292.7  292.7  292.2  292.2  291.2  291.2  290.2  292.2  291.2  292.2  296.0  298.3  297.4  297.4  295.5  295.5  295.5
 13.8S / 31:  296.0  296.0  295.0  294.6  293.6  293.6  292.7  292.2  291.7  291.2  291.2  290.7  290.2  289.8  289.8  295.5  288.8  292.7  296.5  299.2  297.8  297.8  298.3  297.4
 16.2S / 30:  295.5  294.6  293.6  292.7  292.7  292.2  291.7  290.7  290.7  290.2  290.2  290.2  289.8  289.8  289.3  289.8  292.7  299.6  289.8  296.9  299.6  299.6  301.0  302.3
 18.8S / 29:  295.0  295.0  294.1  293.2  293.2  292.7  292.2  291.2  290.7  289.8  289.8  289.3  288.8  288.8  289.3  289.8  290.7  296.0  298.7  298.7  296.0  302.3  303.2  304.5
 21.2S / 28:  295.5  294.6  294.1  293.2  292.7  292.2  291.7  291.7  290.7  290.2  290.2  289.3  288.8  288.8  288.3  288.3  288.8  293.2  297.8  291.2  300.5  303.2  304.9  303.2
