             VARIABLE : Mean TS from clear sky composite (kelvin)
             FILENAME : ISCCPMonthly_avg.nc
             FILEPATH : /usr/local/fer_data/data/
             SUBSET   : 24 by 24 points (LONGITUDE-LATITUDE)
             TIME     : 16-FEB-1998 00:00
              113.8W 111.2W 108.8W 106.2W 103.8W 101.2W 98.8W  96.2W  93.8W  91.2W  88.8W  86.2W  83.8W  81.2W  78.8W  76.2W  73.8W  71.2W  68.8W  66.2W  63.8W  61.2W  58.8W  56.2W  
               27     28     29     30     31     32     33     34     35     36     37     38     39     40     41     42     43     44     45     46     47     48     49     50
 36.2N / 51:  275.6  273.8  273.8  270.9  276.7  278.9  278.4  278.4  278.4  278.4  277.3  276.1  276.1  276.1  279.5  282.2  291.2  291.7  291.7  291.7  290.7  290.7  290.7  290.7
 33.8N / 50:  282.7  282.7  276.7  277.3  280.0  281.6  281.6  281.6  281.1  281.1  279.5  279.5  281.1  281.1  283.2  291.2  292.7  292.2  291.7  291.7  291.7  291.2  291.2  292.2
 31.2N / 49:  287.3  287.3  282.7  282.7  285.2  284.7  284.7  284.2  284.2  284.2  283.2  283.2  284.2  292.2  295.0  295.0  293.2  293.2  292.7  292.7  292.7  292.7  292.7  293.6
 28.8N / 48:  290.7  289.3  289.3  283.2  287.3  289.3  288.8  289.3  290.7  290.2  290.2  293.2  290.2  290.7  296.0  294.6  294.1  294.1  294.1  294.6  294.1  294.1  295.5  294.6
 26.2N / 47:  293.6  294.1  289.3  289.3  288.3  290.7  293.2  295.0  295.5  295.5  297.8  296.5  296.5  292.2  295.5  295.5  296.0  296.5  296.9  296.5  296.9  296.9  296.9  296.9
 23.8N / 46:  296.0  296.0  296.5  288.8  288.8  288.8  293.6  296.5  296.0  296.0  297.8  298.7  296.5  296.9  296.5  297.4  297.4  298.3  298.3  298.3  298.3  297.8  298.7  297.8
 21.2N / 45:  296.0  297.4  298.3  297.8  291.2  292.2  297.4  297.8  297.8  297.4  297.4  296.9  298.3  298.7  298.3  298.3  299.2  298.7  298.7  299.2  299.2  299.6  299.6  298.7
 18.8N / 44:  297.8  297.8  299.2  300.1  298.7  297.8  294.6  297.4  298.3  298.3  297.4  300.5  300.5  300.1  300.1  300.1  299.6  297.8  299.6  299.6  299.2  299.6  300.5  300.1
 16.2N / 43:  298.3  299.2  300.1  301.4  300.5  301.0  298.3  298.7  296.5  297.8  297.8  300.1  299.6  300.5  301.0  300.5  300.5  300.1  300.5  300.1  300.1  300.1  300.1  300.1
 13.8N / 42:  298.7  299.6  300.1  301.4  301.0  301.4  302.3  302.3  302.8  300.1  300.1  298.3  299.6  300.5  300.5  300.5  300.1  299.6  300.1  300.1  300.5  300.5  301.0  300.1
 11.2N / 41:  300.1  301.0  301.4  301.9  301.9  301.9  302.3  302.3  302.3  302.8  303.2  301.4  300.1  300.5  300.5  301.4  301.4  301.0  298.7  299.6  299.2  300.5  300.5  300.5
 8.8N  / 40:  300.5  301.4  302.8  303.2  301.9  302.3  302.3  302.3  301.9  302.3  302.3  303.2  301.9  298.7  298.7  299.2  301.9  298.3  301.4  305.3  303.6  299.2  299.2  300.5
 6.2N  / 39:  301.0  301.9  302.3  302.8  302.8  303.2  302.3  302.8  302.8  302.3  303.2  304.0  303.6  302.3  300.1  296.0  296.5  299.6  304.5  302.3  299.2  296.9  296.9  298.3
 3.8N  / 38:  301.0  301.4  302.3  302.8  303.2  303.2  302.8  302.8  302.3  303.6  303.6  302.8  302.8  301.9  300.5  294.6  296.9  300.5  298.7  297.8  295.5  301.9  297.4  294.1
 1.2N  / 37:  301.4  301.9  302.3  302.3  302.8  302.8  302.3  303.2  303.2  303.2  302.8  302.8  302.8  301.0  293.6  293.2  295.5  296.0  296.5  296.9  297.4  298.7  296.0  295.5
 1.2S  / 36:  300.5  301.9  302.3  302.8  302.8  301.9  302.8  301.9  302.3  302.3  302.3  302.3  301.4  298.3  288.8  295.0  295.0  295.0  295.5  298.3  298.3  298.3  297.4  298.3
 3.8S  / 35:  301.4  301.9  301.9  301.4  302.3  301.9  302.3  302.3  302.3  302.8  303.2  302.3  301.9  297.8  286.8  295.0  295.5  295.5  295.5  296.5  296.9  297.4  296.5  296.5
 6.2S  / 34:  301.9  301.0  301.9  301.4  300.5  301.0  300.1  300.5  300.5  300.5  301.9  302.8  301.9  299.6  289.3  292.2  296.5  293.2  296.0  295.0  295.0  294.6  295.5  294.6
 8.8S  / 33:  300.5  301.0  300.5  300.5  299.2  299.2  298.7  299.2  299.6  299.6  299.6  300.1  301.0  300.1  299.2  285.2  295.0  294.6  293.6  295.5  295.5  294.6  295.5  294.1
 11.2S / 32:  300.1  299.6  299.6  298.7  297.8  298.3  297.8  297.4  297.4  298.3  298.7  299.2  300.1  298.7  293.6  286.3  293.2  295.0  296.5  296.5  294.1  294.1  294.1  295.0
 13.8S / 31:  300.1  299.6  298.7  297.8  297.4  296.9  296.9  296.5  296.5  296.5  296.9  297.8  297.8  298.3  297.8  291.7  282.2  286.3  296.0  297.8  296.5  296.0  296.5  294.6
 16.2S / 30:  299.6  298.7  297.8  297.4  296.9  296.0  296.0  296.0  296.0  296.0  296.0  296.5  296.0  296.5  296.5  296.9  295.0  287.8  286.3  292.7  296.0  296.9  298.3  297.8
 18.8S / 29:  298.7  298.7  298.3  297.8  296.5  296.0  296.0  295.5  295.0  294.6  294.6  294.6  294.1  294.6  296.0  296.0  296.9  296.5  290.7  290.7  293.6  298.7  298.7  300.5
 21.2S / 28:  299.2  298.7  298.3  297.4  296.0  295.5  295.5  295.0  294.1  294.1  294.1  293.6  293.2  293.6  294.1  295.0  296.0  300.5  294.6  293.6  300.1  301.0  298.3  297.8
