             VARIABLE : Mean TS from clear sky composite (kelvin)
             FILENAME : ISCCPMonthly_avg.nc
             FILEPATH : /usr/local/fer_data/data/
             SUBSET   : 24 by 24 points (LONGITUDE-LATITUDE)
             TIME     : 16-OCT-1995 00:00
              113.8W 111.2W 108.8W 106.2W 103.8W 101.2W 98.8W  96.2W  93.8W  91.2W  88.8W  86.2W  83.8W  81.2W  78.8W  76.2W  73.8W  71.2W  68.8W  66.2W  63.8W  61.2W  58.8W  56.2W  
               27     28     29     30     31     32     33     34     35     36     37     38     39     40     41     42     43     44     45     46     47     48     49     50
 36.2N / 51:  291.2  287.8  287.8  284.7  287.3  289.8  291.2  291.2  290.7  290.2  289.8  288.8  287.3  287.3  288.8  292.7  299.2  297.8  297.8  296.9  296.5  296.5  295.5  295.5
 33.8N / 50:  296.9  296.9  290.2  289.8  290.7  291.7  293.2  293.2  292.2  293.2  291.7  289.8  290.7  290.7  292.7  299.2  300.1  297.8  296.9  296.9  297.4  297.8  297.4  297.8
 31.2N / 49:  301.4  301.4  295.5  294.1  294.1  295.0  294.6  294.1  294.1  294.1  292.7  293.2  293.6  298.3  302.3  302.3  299.6  298.7  298.7  298.7  298.3  298.7  298.7  300.1
 28.8N / 48:  302.8  299.2  299.2  292.7  296.0  296.0  297.8  298.3  299.2  299.2  299.2  299.6  299.6  296.9  301.4  300.5  300.5  300.1  300.1  299.2  299.6  299.6  300.5  300.5
 26.2N / 47:  301.0  302.8  295.0  295.0  294.6  296.9  299.6  301.9  303.2  301.0  301.4  301.0  301.0  300.1  301.0  301.9  301.9  300.5  300.1  300.5  300.1  300.5  300.5  300.5
 23.8N / 46:  299.2  302.3  302.8  293.2  293.2  293.6  295.0  301.4  302.8  301.0  301.4  301.4  301.0  301.4  301.0  301.0  301.0  301.4  300.5  300.5  300.5  301.0  301.0  300.5
 21.2N / 45:  297.8  300.1  301.9  301.0  293.2  292.2  296.0  301.0  300.1  296.9  296.9  299.6  301.4  301.4  300.1  300.1  300.5  301.0  301.4  301.0  301.4  301.4  301.4  301.4
 18.8N / 44:  299.2  299.2  300.5  301.4  301.0  296.0  292.2  293.6  298.3  296.9  295.0  301.9  302.8  302.3  300.5  301.0  299.6  298.7  301.0  301.0  301.0  301.9  301.4  301.4
 16.2N / 43:  299.6  301.0  301.4  301.9  302.3  300.5  296.9  296.0  290.2  291.7  291.7  298.3  300.1  302.3  302.3  301.0  301.4  301.9  301.9  301.9  302.3  301.9  301.4  301.4
 13.8N / 42:  301.0  301.0  301.0  301.4  301.9  301.9  301.9  300.5  301.4  297.4  292.7  291.7  297.8  301.9  301.9  302.3  301.4  301.4  301.4  301.9  302.3  301.4  301.9  302.3
 11.2N / 41:  299.2  299.2  299.6  299.6  300.5  301.0  300.1  300.1  300.5  300.5  300.1  296.9  300.5  301.4  301.9  300.5  297.8  299.2  300.1  300.1  300.1  301.9  301.9  302.3
 8.8N  / 40:  296.0  296.9  297.4  297.8  298.3  299.2  299.2  298.7  299.6  300.1  300.1  298.7  296.0  294.1  296.5  296.5  295.0  294.1  295.5  298.3  297.4  297.4  300.5  302.8
 6.2N  / 39:  296.5  296.5  296.5  296.9  297.4  297.4  297.4  296.9  296.5  297.4  297.8  297.4  296.0  296.5  297.4  290.2  291.2  293.6  298.3  296.5  295.0  296.0  296.9  299.2
 3.8N  / 38:  295.5  295.0  295.0  295.5  296.5  296.5  296.5  296.9  296.5  296.9  296.5  296.0  295.5  295.5  295.0  288.3  293.2  297.8  296.5  294.1  294.1  298.7  298.7  297.4
 1.2N  / 37:  295.0  294.1  294.1  294.1  294.6  294.6  294.1  294.1  294.1  294.6  295.0  294.6  294.1  293.6  290.2  291.7  295.0  295.5  296.0  296.5  296.9  298.7  297.8  297.8
 1.2S  / 36:  294.1  294.1  294.1  293.6  292.7  292.7  292.7  292.2  291.7  292.2  292.2  291.2  290.7  291.2  288.3  293.2  295.5  295.0  296.5  297.4  297.8  299.2  298.7  299.6
 3.8S  / 35:  295.5  295.0  295.0  294.6  294.1  293.6  292.7  292.2  291.7  291.7  290.7  290.2  289.3  292.7  290.7  295.0  297.4  297.4  296.9  297.8  299.2  299.2  299.2  298.3
 6.2S  / 34:  296.0  295.5  295.5  295.0  295.0  294.6  293.6  293.2  292.7  291.7  291.7  290.2  289.3  289.3  293.2  293.2  297.4  297.4  297.8  297.4  298.7  298.3  298.3  298.3
 8.8S  / 33:  296.0  296.0  295.5  294.6  294.6  294.1  293.6  293.2  291.7  291.2  291.2  290.2  289.3  288.8  288.8  289.3  296.9  297.8  298.7  299.2  299.6  298.7  298.3  297.4
 11.2S / 32:  296.0  296.0  295.5  295.0  294.6  294.1  293.6  292.7  292.2  291.2  290.2  289.3  288.8  288.3  289.8  289.3  295.5  297.8  299.6  300.5  299.2  297.4  297.4  298.3
 13.8S / 31:  296.0  295.5  295.5  295.0  294.6  294.1  293.6  292.7  292.2  291.2  290.2  289.3  287.8  287.3  287.8  291.7  290.2  290.7  298.3  304.5  302.8  300.1  301.4  301.0
 16.2S / 30:  296.0  295.5  294.6  294.6  293.6  293.2  292.7  291.7  291.2  290.7  290.7  289.8  288.3  287.3  287.3  287.8  290.7  291.2  288.8  297.4  300.5  303.6  305.3  305.8
 18.8S / 29:  295.5  295.5  295.0  294.6  294.1  293.2  292.7  291.7  291.7  290.7  290.2  289.3  287.8  287.8  287.3  286.8  288.3  292.2  289.8  289.8  295.5  303.6  304.5  304.0
 21.2S / 28:  295.0  294.1  294.1  293.6  292.7  292.7  292.2  291.7  291.2  290.2  290.2  289.8  288.3  288.3  288.3  287.8  286.8  288.8  291.7  290.7  301.9  304.9  304.5  302.8
