             VARIABLE : Mean TS from clear sky composite (kelvin)
             FILENAME : ISCCPMonthly_avg.nc
             FILEPATH : /usr/local/fer_data/data/
             SUBSET   : 24 by 24 points (LONGITUDE-LATITUDE)
             TIME     : 16-JAN-1999 00:00
              113.8W 111.2W 108.8W 106.2W 103.8W 101.2W 98.8W  96.2W  93.8W  91.2W  88.8W  86.2W  83.8W  81.2W  78.8W  76.2W  73.8W  71.2W  68.8W  66.2W  63.8W  61.2W  58.8W  56.2W  
               27     28     29     30     31     32     33     34     35     36     37     38     39     40     41     42     43     44     45     46     47     48     49     50
 36.2N / 51:  278.4  273.8  273.8  270.9  275.0  276.1  276.7  276.7  277.3  276.1  276.7  276.1  276.1  276.1  278.4  283.7  292.7  292.7  292.7  292.7  291.7  291.2  290.7  290.7
 33.8N / 50:  283.7  283.7  279.5  277.3  279.5  281.1  282.2  282.2  282.7  282.2  281.1  280.5  281.1  281.1  284.2  293.6  293.2  293.2  292.7  292.7  292.7  292.7  291.7  291.7
 31.2N / 49:  287.3  287.3  284.2  282.2  283.7  284.7  285.8  285.8  285.8  284.7  284.7  284.7  284.7  292.2  295.5  295.5  294.1  293.6  293.2  293.6  293.6  293.6  293.6  293.6
 28.8N / 48:  289.8  289.8  289.8  286.8  286.3  287.8  288.8  289.8  291.7  291.7  291.7  294.1  291.7  291.2  296.0  295.5  295.0  295.0  295.0  295.0  295.0  295.5  295.0  294.1
 26.2N / 47:  291.7  292.7  290.2  290.2  286.8  288.8  292.2  294.1  295.0  294.6  296.9  296.5  296.5  293.2  295.5  296.0  295.5  296.0  296.5  296.5  296.5  296.5  296.5  295.5
 23.8N / 46:  292.7  294.6  294.6  288.3  288.3  287.8  291.2  295.5  296.0  296.0  296.9  298.3  296.5  296.0  296.5  296.9  296.9  296.5  297.4  297.4  296.9  297.4  296.5  296.0
 21.2N / 45:  294.1  296.5  296.9  296.5  289.3  289.3  294.1  296.9  297.4  296.0  296.0  296.5  297.8  297.4  296.5  297.4  297.8  297.8  298.3  297.8  297.4  297.8  297.4  296.5
 18.8N / 44:  296.5  296.5  297.8  298.3  296.9  294.6  291.7  294.6  296.5  295.5  295.0  299.2  298.7  299.2  299.2  299.2  297.8  296.0  297.8  297.8  298.3  297.8  298.3  297.8
 16.2N / 43:  297.8  298.3  299.2  299.6  299.6  299.6  296.5  296.5  293.6  294.1  294.1  297.4  298.3  298.7  299.2  299.2  299.6  298.7  299.2  299.2  298.7  298.7  298.7  298.3
 13.8N / 42:  298.7  299.6  300.1  300.5  300.5  300.1  300.1  299.2  299.2  297.8  296.0  294.1  296.9  299.2  299.2  299.2  299.2  298.7  299.2  299.2  298.7  299.2  298.3  298.7
 11.2N / 41:  300.1  300.5  300.5  301.0  300.5  300.1  299.2  298.7  299.6  299.2  298.7  296.9  298.3  298.7  298.7  298.7  298.3  297.4  297.4  298.7  298.3  299.2  299.2  299.6
 8.8N  / 40:  299.2  299.6  299.6  299.6  298.7  298.7  298.3  298.7  297.8  297.4  297.4  298.3  297.8  296.9  297.8  298.3  298.7  295.0  297.4  300.1  297.8  294.6  297.8  300.5
 6.2N  / 39:  298.3  298.3  299.2  299.6  297.8  298.7  298.7  298.3  297.8  297.8  298.3  298.7  299.2  300.1  299.2  292.7  295.5  297.4  300.5  297.8  293.6  292.7  294.1  296.0
 3.8N  / 38:  296.5  296.5  297.4  298.3  296.9  296.5  296.9  296.5  296.0  296.0  297.4  296.9  296.9  297.4  296.0  289.8  294.6  297.4  296.9  294.6  292.7  296.5  295.0  293.6
 1.2N  / 37:  295.0  294.6  296.0  296.5  295.5  295.5  295.5  295.5  296.0  296.9  296.5  296.0  296.0  295.5  290.2  291.2  296.0  295.0  294.1  294.6  294.6  296.0  294.6  295.0
 1.2S  / 36:  294.6  295.0  294.6  294.6  294.6  294.6  294.6  295.5  295.0  296.0  295.0  294.6  295.0  295.0  287.3  293.6  295.5  294.6  294.1  295.5  295.0  295.0  295.5  296.9
 3.8S  / 35:  296.9  296.9  296.5  296.5  296.0  296.0  296.0  296.5  296.5  296.0  296.0  294.6  293.2  295.5  287.3  293.2  295.5  294.1  294.1  294.6  295.5  295.0  295.0  295.5
 6.2S  / 34:  298.3  298.3  297.8  297.4  296.5  296.5  296.5  296.5  296.0  296.0  296.5  296.0  295.0  295.0  291.2  289.3  293.6  294.6  293.2  293.6  294.1  294.1  294.1  293.6
 8.8S  / 33:  297.8  297.8  296.9  296.9  296.5  296.5  296.0  296.0  296.0  296.0  296.0  296.0  296.0  295.0  294.6  286.8  291.7  294.1  293.2  293.6  294.1  294.1  294.1  293.6
 11.2S / 32:  297.8  297.8  297.4  297.4  296.0  295.5  295.5  295.5  295.5  294.6  295.0  295.0  295.5  294.6  291.2  284.7  289.8  292.2  294.6  293.2  292.7  292.2  292.2  293.2
 13.8S / 31:  297.4  296.9  296.9  296.0  295.5  295.0  294.6  294.1  294.1  293.6  293.6  294.1  294.6  294.6  294.1  293.2  282.7  283.2  294.1  295.5  294.6  293.2  293.2  294.1
 16.2S / 30:  296.5  296.5  296.5  295.5  294.1  294.1  293.6  293.2  292.7  292.2  292.2  292.2  292.7  293.2  293.6  294.6  295.0  289.8  284.2  293.6  296.9  297.4  297.8  297.8
 18.8S / 29:  296.5  296.5  296.0  295.5  294.6  294.1  293.2  292.7  291.7  291.2  291.2  291.2  291.2  292.2  292.7  293.6  294.6  297.8  295.0  295.0  293.2  298.7  298.7  299.6
 21.2S / 28:  296.9  296.5  296.0  295.5  294.1  294.1  293.2  292.7  291.7  290.7  290.7  290.7  290.2  290.2  291.2  292.2  293.2  297.4  299.6  288.3  298.3  302.3  302.3  301.0
