             VARIABLE : Mean TS from clear sky composite (kelvin)
             FILENAME : ISCCPMonthly_avg.nc
             FILEPATH : /usr/local/fer_data/data/
             SUBSET   : 24 by 24 points (LONGITUDE-LATITUDE)
             TIME     : 16-JUN-1997 00:00
              113.8W 111.2W 108.8W 106.2W 103.8W 101.2W 98.8W  96.2W  93.8W  91.2W  88.8W  86.2W  83.8W  81.2W  78.8W  76.2W  73.8W  71.2W  68.8W  66.2W  63.8W  61.2W  58.8W  56.2W  
               27     28     29     30     31     32     33     34     35     36     37     38     39     40     41     42     43     44     45     46     47     48     49     50
 36.2N / 51:  304.0  301.0  301.0  296.5  296.5  300.5  299.2  299.2  297.8  296.5  296.0  292.7  290.2  290.2  293.2  296.9  298.7  298.3  298.3  297.4  297.4  295.5  295.0  295.0
 33.8N / 50:  309.1  309.1  301.9  301.0  302.8  302.3  301.0  301.0  297.4  298.3  296.9  293.6  293.6  293.6  296.0  298.7  300.1  297.8  296.5  296.5  296.9  296.0  296.0  295.0
 31.2N / 49:  308.3  308.3  305.8  305.8  306.2  305.3  300.5  298.7  298.7  298.7  297.8  295.5  296.5  298.3  300.5  300.5  300.1  298.7  298.3  297.8  296.9  297.8  297.8  297.4
 28.8N / 48:  304.9  309.1  309.1  302.3  307.0  305.3  302.8  301.4  301.4  300.1  300.1  300.1  299.6  300.5  301.9  301.4  301.0  300.1  300.1  299.6  300.1  298.7  298.3  299.2
 26.2N / 47:  300.5  305.8  301.0  301.0  301.9  304.5  305.8  302.8  301.0  301.0  301.0  301.9  301.9  301.0  301.0  302.3  301.9  301.9  301.9  301.9  301.0  300.1  300.1  299.6
 23.8N / 46:  294.1  301.9  303.2  296.9  296.9  299.6  299.6  302.3  301.4  301.4  301.9  302.3  301.9  301.0  301.9  301.9  301.9  301.4  301.4  301.4  301.4  301.0  299.6  299.6
 21.2N / 45:  296.0  297.4  300.1  302.8  297.4  298.3  301.4  302.8  302.3  300.5  300.5  301.0  301.9  301.4  299.6  300.5  300.5  300.1  299.6  299.6  299.6  300.1  300.1  299.2
 18.8N / 44:  299.6  299.6  300.5  302.8  302.3  298.7  296.5  298.7  301.9  300.5  298.3  301.4  301.9  301.9  300.5  300.1  298.7  299.6  299.2  299.2  300.1  299.6  299.6  299.2
 16.2N / 43:  300.5  302.3  302.8  302.8  302.8  301.0  296.0  296.5  296.5  295.5  295.5  299.6  299.6  301.4  301.0  299.6  300.5  300.5  300.1  299.6  299.6  299.6  299.2  298.7
 13.8N / 42:  301.9  302.3  302.8  302.8  302.8  301.4  301.4  301.9  301.4  298.3  297.4  293.6  297.8  301.4  301.0  300.1  300.5  300.5  300.5  300.1  299.6  299.6  299.2  298.3
 11.2N / 41:  301.4  302.3  301.9  301.9  302.3  301.9  301.9  301.4  301.9  301.0  301.4  298.3  298.3  299.6  298.7  299.6  298.7  302.3  298.7  299.2  299.2  299.6  299.6  298.7
 8.8N  / 40:  301.4  301.0  302.8  301.9  301.9  302.3  302.3  301.4  301.4  301.4  301.4  301.9  300.5  296.0  296.5  296.5  297.8  295.5  296.0  300.1  301.4  297.4  297.8  300.1
 6.2N  / 39:  301.0  299.6  300.5  301.0  301.0  301.9  302.3  302.3  301.9  302.3  302.3  301.0  301.9  300.1  300.1  292.2  291.2  293.2  296.9  296.5  293.2  293.6  293.2  296.5
 3.8N  / 38:  300.1  300.5  301.0  300.5  301.0  301.0  300.1  300.5  301.0  301.4  301.9  302.3  301.4  301.0  300.5  289.3  292.2  296.0  294.6  294.6  292.2  294.1  296.0  294.1
 1.2N  / 37:  300.1  299.6  301.4  300.5  300.5  300.5  299.6  299.6  299.6  299.6  300.1  300.5  300.5  300.1  295.5  291.2  294.1  294.1  296.0  295.5  296.0  297.4  296.0  295.5
 1.2S  / 36:  299.6  299.2  300.1  300.1  300.1  299.6  299.6  299.2  298.3  298.7  299.6  299.2  299.2  297.4  291.2  292.7  294.6  295.0  295.0  296.5  297.8  298.7  297.8  296.9
 3.8S  / 35:  300.1  299.6  299.6  299.6  299.6  299.6  299.2  299.2  298.7  298.7  299.2  298.7  297.8  298.3  291.2  295.0  296.0  296.0  296.0  296.9  298.3  298.7  298.7  298.3
 6.2S  / 34:  300.1  299.6  299.6  299.2  299.2  299.2  299.6  298.7  298.7  298.7  298.3  298.3  298.3  297.4  295.0  292.7  296.5  296.0  296.9  297.4  297.4  298.3  298.3  297.8
 8.8S  / 33:  299.6  299.6  299.2  299.2  299.2  298.7  298.3  297.8  297.4  297.8  297.8  297.8  297.8  297.4  296.9  291.2  294.1  295.5  296.0  297.4  297.4  297.8  297.4  297.4
 11.2S / 32:  299.2  299.2  298.3  298.3  297.8  297.8  297.4  297.4  296.9  296.5  296.5  296.9  297.4  296.5  295.5  287.8  292.7  294.6  296.0  296.9  296.9  296.5  296.5  296.0
 13.8S / 31:  298.3  298.3  297.8  297.4  297.4  296.9  296.5  296.5  296.0  296.0  295.5  295.5  295.5  295.5  295.0  293.2  286.8  284.7  291.7  296.0  296.5  295.5  295.5  296.5
 16.2S / 30:  297.8  297.4  297.4  296.5  296.9  296.0  296.0  296.0  295.5  295.0  295.0  295.0  295.0  294.6  294.6  294.1  292.7  287.3  282.2  289.8  293.2  293.6  296.0  296.5
 18.8S / 29:  296.9  296.9  296.9  296.5  296.5  295.5  295.5  295.5  295.0  294.6  294.1  294.1  293.6  293.2  293.2  293.2  293.2  290.7  279.5  279.5  286.8  293.6  295.0  296.0
 21.2S / 28:  296.5  296.5  296.0  296.0  296.0  295.5  294.6  294.6  294.6  293.6  293.6  293.6  293.2  293.2  292.7  292.2  292.2  291.7  285.2  278.4  291.7  296.5  295.0  293.2
