             VARIABLE : Mean TS from clear sky composite (kelvin)
             FILENAME : ISCCPMonthly_avg.nc
             FILEPATH : /usr/local/fer_data/data/
             SUBSET   : 24 by 24 points (LONGITUDE-LATITUDE)
             TIME     : 16-MAR-2000 00:00
              113.8W 111.2W 108.8W 106.2W 103.8W 101.2W 98.8W  96.2W  93.8W  91.2W  88.8W  86.2W  83.8W  81.2W  78.8W  76.2W  73.8W  71.2W  68.8W  66.2W  63.8W  61.2W  58.8W  56.2W  
               27     28     29     30     31     32     33     34     35     36     37     38     39     40     41     42     43     44     45     46     47     48     49     50
 36.2N / 51:  286.8  282.7  282.7  279.5  283.2  286.3  286.8  286.8  286.3  286.3  286.8  285.8  285.2  285.2  286.3  286.8  293.2  291.2  291.2  290.7  290.2  289.8  288.8  288.8
 33.8N / 50:  292.2  292.2  287.3  284.7  288.8  289.8  289.8  289.8  288.8  289.3  288.3  287.8  287.8  287.8  288.3  293.2  293.2  291.2  290.7  290.7  290.7  290.2  290.7  290.7
 31.2N / 49:  293.6  293.6  291.2  290.7  292.7  294.1  291.7  290.7  290.7  290.7  289.8  289.8  289.8  292.7  295.0  295.0  293.2  291.7  291.7  291.7  291.2  291.2  291.2  291.2
 28.8N / 48:  292.7  296.0  296.0  295.5  295.5  296.0  295.5  293.6  293.6  293.6  293.6  294.6  293.6  294.1  296.0  294.6  293.6  293.2  293.2  294.1  293.2  292.7  293.2  293.2
 26.2N / 47:  291.7  295.5  294.1  294.1  295.0  296.9  298.7  295.0  296.0  296.0  297.4  296.9  296.9  295.0  296.5  295.5  295.0  294.6  295.0  295.0  295.0  295.0  295.0  294.6
 23.8N / 46:  291.2  294.1  295.0  296.0  296.0  294.6  298.7  296.5  296.0  296.5  297.4  297.8  297.4  296.9  296.5  296.5  296.5  296.5  296.5  296.0  296.5  296.5  296.0  295.5
 21.2N / 45:  292.2  294.1  295.0  296.0  301.4  295.0  297.8  297.4  297.8  297.8  297.8  297.8  298.3  298.3  297.8  298.3  297.4  296.9  297.4  296.9  296.9  296.0  296.5  296.5
 18.8N / 44:  295.5  295.5  296.9  296.5  297.4  300.5  299.2  298.3  298.3  299.2  297.4  298.7  298.7  298.3  297.8  298.3  297.8  296.5  297.4  297.4  297.4  297.4  296.9  296.9
 16.2N / 43:  296.0  296.9  297.8  298.3  299.2  299.6  299.2  298.7  297.8  297.4  297.4  297.8  297.8  298.7  298.7  298.3  298.3  298.3  297.8  297.8  297.8  298.3  297.4  296.9
 13.8N / 42:  297.4  297.4  298.3  298.7  299.6  300.1  300.5  300.5  300.5  299.2  298.7  298.3  296.9  298.7  298.3  297.8  297.4  297.8  298.3  298.3  298.7  298.7  298.3  297.4
 11.2N / 41:  298.3  298.7  299.2  299.2  299.2  300.1  300.5  300.1  300.1  299.6  298.7  298.7  297.4  298.7  298.3  298.7  297.8  297.8  297.4  297.8  297.8  298.7  298.7  298.7
 8.8N  / 40:  298.7  299.2  299.2  298.7  299.2  299.6  300.1  299.2  299.2  299.6  299.6  300.1  300.1  297.8  297.4  296.0  297.8  294.6  297.4  302.3  299.6  295.5  296.9  298.3
 6.2N  / 39:  298.7  299.6  299.6  299.6  299.2  298.7  299.6  299.2  298.7  299.6  300.5  301.0  301.9  300.5  297.8  293.2  293.2  297.4  304.0  301.9  295.5  294.1  293.6  296.0
 3.8N  / 38:  298.7  298.7  298.7  298.7  298.3  298.3  298.7  299.2  299.2  299.6  299.6  299.2  297.8  296.9  295.5  289.3  295.0  301.0  299.2  297.8  293.6  297.4  296.9  293.2
 1.2N  / 37:  298.3  297.8  297.8  297.8  297.4  297.8  297.8  298.7  298.3  298.7  298.3  296.9  296.5  296.5  291.2  291.7  296.5  295.5  295.0  296.0  295.0  295.0  293.6  293.2
 1.2S  / 36:  297.8  297.8  297.8  298.3  298.3  298.7  298.7  299.2  299.2  297.8  298.3  297.8  296.5  294.6  286.3  293.6  294.6  294.1  295.5  298.3  296.0  296.0  295.5  294.6
 3.8S  / 35:  297.8  298.3  297.8  297.8  298.7  297.8  298.3  297.8  299.2  299.2  298.7  298.7  296.5  295.0  285.8  293.2  295.5  295.0  296.9  296.0  296.0  294.6  294.6  295.0
 6.2S  / 34:  297.8  296.9  297.4  296.9  296.5  296.9  296.0  296.0  296.9  296.9  297.8  297.8  297.4  295.5  291.2  289.3  294.1  294.6  294.1  294.6  295.0  294.6  293.6  294.1
 8.8S  / 33:  297.8  297.8  297.4  298.3  297.8  297.4  296.5  296.5  296.5  297.4  297.4  297.8  297.8  296.5  294.6  288.3  292.2  294.1  293.6  293.6  294.1  294.6  295.0  293.6
 11.2S / 32:  298.3  297.8  296.9  297.4  296.9  297.4  297.4  296.9  296.5  296.5  297.4  297.4  298.3  296.0  294.6  285.2  289.8  291.7  294.6  294.6  294.6  294.1  294.1  294.6
 13.8S / 31:  297.8  297.8  297.4  297.4  296.0  296.5  296.0  296.5  295.5  296.0  296.0  296.0  296.5  297.4  296.0  295.0  281.1  281.6  292.2  296.0  294.6  293.2  293.6  295.0
 16.2S / 30:  297.4  297.4  296.9  296.5  295.5  295.0  295.5  295.5  294.6  295.5  295.5  295.0  295.0  295.0  295.0  294.6  294.6  291.2  281.6  290.7  295.0  295.5  295.5  297.4
 18.8S / 29:  297.4  297.4  296.9  296.9  296.0  295.5  294.6  295.5  294.6  294.6  294.1  293.6  293.6  293.2  294.1  294.6  294.1  296.5  293.6  293.6  290.2  294.6  295.5  296.0
 21.2S / 28:  297.8  297.4  297.4  296.9  296.0  296.0  295.5  295.5  295.0  294.6  294.6  293.2  292.7  292.2  292.7  292.7  294.1  295.0  296.5  288.8  293.6  298.3  297.8  295.5
