             VARIABLE : Mean TS from clear sky composite (kelvin)
             FILENAME : ISCCPMonthly_avg.nc
             FILEPATH : /usr/local/fer_data/data/
             SUBSET   : 24 by 24 points (LONGITUDE-LATITUDE)
             TIME     : 16-FEB-2000 00:00
              113.8W 111.2W 108.8W 106.2W 103.8W 101.2W 98.8W  96.2W  93.8W  91.2W  88.8W  86.2W  83.8W  81.2W  78.8W  76.2W  73.8W  71.2W  68.8W  66.2W  63.8W  61.2W  58.8W  56.2W  
               27     28     29     30     31     32     33     34     35     36     37     38     39     40     41     42     43     44     45     46     47     48     49     50
 36.2N / 51:  278.9  281.1  281.1  275.0  278.9  282.2  281.6  281.6  282.2  281.1  281.1  280.5  279.5  279.5  280.0  283.7  291.7  290.2  290.2  289.8  289.8  289.3  289.8  289.8
 33.8N / 50:  287.3  287.3  282.7  281.1  284.7  286.3  285.8  285.8  284.7  284.2  284.2  283.2  283.2  283.2  284.2  291.7  291.7  290.2  290.2  290.2  290.2  290.7  291.2  290.7
 31.2N / 49:  290.7  290.7  288.3  286.8  288.8  289.3  288.8  287.8  287.8  287.8  286.8  286.3  285.8  291.2  293.6  293.6  292.2  291.2  291.2  291.7  292.2  292.2  292.2  291.7
 28.8N / 48:  291.2  293.2  293.2  291.2  291.2  292.7  292.2  291.2  291.7  291.7  291.7  292.7  291.2  291.2  294.1  293.6  292.7  292.7  292.7  293.2  293.2  293.2  293.2  292.7
 26.2N / 47:  291.7  293.2  293.2  293.2  292.7  293.6  295.5  294.6  294.6  294.1  295.5  295.5  295.5  292.2  294.6  294.6  294.1  294.1  294.6  294.6  294.6  294.1  294.1  294.1
 23.8N / 46:  291.2  294.1  294.6  292.7  292.7  292.7  295.0  295.0  295.5  295.0  296.0  296.5  295.0  295.0  294.6  295.5  295.5  296.0  296.5  296.0  295.5  295.5  295.0  295.0
 21.2N / 45:  292.2  294.1  295.5  296.0  297.8  292.7  294.1  295.5  296.5  296.0  296.0  295.5  296.0  296.0  295.0  295.0  296.0  296.9  296.5  296.5  296.0  295.5  295.5  295.5
 18.8N / 44:  295.5  295.5  296.5  297.4  297.4  296.5  294.6  294.6  296.0  295.5  295.0  296.9  297.4  297.4  296.9  297.8  297.4  295.5  296.5  296.5  296.5  296.9  296.5  296.5
 16.2N / 43:  296.5  296.9  297.4  298.3  298.7  298.7  296.9  296.0  293.6  293.6  293.6  295.5  296.9  297.4  297.8  297.8  297.8  297.4  297.4  296.9  297.4  297.8  296.9  296.9
 13.8N / 42:  297.4  297.4  297.8  298.3  299.2  299.2  299.6  298.3  298.7  297.4  296.5  293.6  296.0  297.8  297.4  297.4  296.9  297.8  297.8  297.8  297.8  297.8  297.8  296.9
 11.2N / 41:  298.3  298.7  298.7  299.2  299.2  299.2  298.7  297.8  298.7  297.8  297.8  296.9  296.9  298.3  297.8  297.8  297.4  296.5  296.5  297.4  297.4  297.8  297.8  297.8
 8.8N  / 40:  298.3  298.3  298.3  298.3  297.8  297.8  297.8  297.8  297.4  296.5  296.5  298.3  298.7  296.5  296.9  296.0  298.7  294.1  298.3  301.0  298.7  295.5  296.9  298.3
 6.2N  / 39:  298.3  298.3  297.8  297.8  297.4  297.4  297.4  297.4  296.9  297.4  299.2  300.1  300.1  299.2  296.9  291.7  293.2  298.3  302.3  299.2  295.0  293.6  294.6  296.5
 3.8N  / 38:  297.4  297.4  296.9  297.4  296.9  296.5  296.9  297.4  296.9  298.3  298.7  299.2  298.7  296.9  295.5  290.2  296.0  299.6  298.3  296.0  293.6  298.7  295.5  292.7
 1.2N  / 37:  296.9  296.9  296.9  297.4  296.5  296.5  296.9  296.9  297.4  297.4  297.8  297.8  297.4  296.9  291.2  293.6  297.8  296.5  296.0  296.5  296.5  296.9  294.1  292.7
 1.2S  / 36:  296.9  296.5  296.5  296.9  296.5  296.9  296.9  297.4  297.4  297.4  297.4  296.9  296.9  295.0  287.3  295.0  296.5  295.5  295.5  296.5  296.0  294.6  294.1  294.1
 3.8S  / 35:  296.9  296.5  296.5  296.9  296.9  296.9  296.9  297.8  298.3  298.3  298.3  297.8  296.5  295.5  287.3  294.6  295.0  293.6  294.6  295.5  294.6  294.1  293.2  293.2
 6.2S  / 34:  297.4  297.8  297.4  296.9  296.9  297.4  296.9  296.9  296.9  297.4  298.3  298.7  297.4  296.9  290.2  291.2  294.1  293.6  293.6  293.6  294.1  294.1  293.2  292.7
 8.8S  / 33:  297.8  297.4  297.4  297.4  296.9  297.4  297.4  297.4  297.4  298.3  298.3  298.7  298.3  296.9  296.0  285.8  292.2  293.2  293.2  293.6  294.1  294.1  294.1  294.1
 11.2S / 32:  297.8  297.8  297.4  297.4  296.5  296.9  296.9  296.9  296.9  297.4  297.8  298.3  297.8  296.9  292.2  281.1  290.2  292.7  293.6  293.2  293.6  293.6  293.6  293.6
 13.8S / 31:  297.8  297.8  297.4  296.9  296.5  296.5  296.5  296.0  296.0  295.5  295.5  296.0  296.0  296.9  296.0  292.7  279.5  281.6  293.6  295.5  294.1  292.2  292.7  292.7
 16.2S / 30:  297.4  296.9  296.9  296.5  295.5  295.5  295.5  295.0  295.0  294.6  294.6  294.6  294.1  295.0  295.5  295.5  293.6  284.7  281.6  291.7  295.0  294.1  295.0  296.5
 18.8S / 29:  297.8  297.8  296.9  296.9  296.0  295.5  295.0  295.0  295.0  294.6  294.1  294.1  294.1  293.6  294.1  295.0  295.0  295.5  293.2  293.2  294.6  297.4  297.4  296.9
 21.2S / 28:  297.8  297.4  297.4  296.9  296.0  296.0  295.5  295.5  295.0  294.6  294.6  294.1  293.6  293.6  293.2  293.6  294.1  297.4  298.3  290.2  301.4  303.6  300.5  296.9
