             VARIABLE : Mean TS from clear sky composite (kelvin)
             FILENAME : ISCCPMonthly_avg.nc
             FILEPATH : /usr/local/fer_data/data/
             SUBSET   : 24 by 24 points (LONGITUDE-LATITUDE)
             TIME     : 16-NOV-1995 00:00
              113.8W 111.2W 108.8W 106.2W 103.8W 101.2W 98.8W  96.2W  93.8W  91.2W  88.8W  86.2W  83.8W  81.2W  78.8W  76.2W  73.8W  71.2W  68.8W  66.2W  63.8W  61.2W  58.8W  56.2W  
               27     28     29     30     31     32     33     34     35     36     37     38     39     40     41     42     43     44     45     46     47     48     49     50
 36.2N / 51:  284.2  280.5  280.5  278.4  280.5  283.2  284.2  284.2  283.7  281.1  280.0  278.9  278.9  278.9  280.0  285.8  295.0  293.2  293.2  294.6  294.1  293.6  293.2  293.2
 33.8N / 50:  289.3  289.3  283.2  283.2  283.7  285.8  286.8  286.8  286.3  283.7  282.2  281.6  282.7  282.7  285.8  295.0  295.0  294.1  295.0  295.0  294.1  294.1  294.6  294.1
 31.2N / 49:  293.2  293.2  287.3  286.8  286.8  287.3  288.3  288.3  288.3  286.8  285.8  286.3  285.2  293.2  297.8  297.8  296.0  295.5  296.0  295.5  295.5  295.5  295.5  296.5
 28.8N / 48:  296.5  293.2  293.2  286.8  289.3  290.2  291.2  293.2  295.0  295.0  295.0  296.5  295.0  292.2  298.3  297.8  297.8  297.4  297.4  297.4  297.8  297.8  297.4  297.4
 26.2N / 47:  296.5  298.3  291.2  291.2  289.3  291.2  294.6  297.4  298.7  299.2  299.2  299.6  299.6  296.5  297.4  298.7  299.6  298.7  298.7  299.2  299.2  298.7  298.7  298.3
 23.8N / 46:  298.3  300.5  300.1  291.2  291.2  290.2  291.7  298.3  299.2  299.2  300.1  301.4  299.6  298.3  298.7  299.6  299.6  299.6  299.6  300.1  300.5  300.1  299.6  298.7
 21.2N / 45:  300.1  301.9  303.2  301.9  292.2  290.7  294.6  300.1  300.5  297.8  297.8  298.3  299.6  299.2  297.8  298.3  299.6  300.5  300.5  300.1  300.1  300.1  300.1  299.6
 18.8N / 44:  301.9  301.9  302.8  302.3  300.1  296.5  292.2  294.1  298.7  298.3  295.5  301.0  301.4  301.0  300.5  300.5  298.7  297.4  299.6  299.6  299.6  300.1  300.5  300.5
 16.2N / 43:  301.4  301.9  302.3  303.2  302.3  301.0  297.8  296.5  293.2  292.7  292.7  297.8  298.7  301.0  301.0  301.0  301.0  301.0  301.0  301.0  301.0  301.0  300.5  300.5
 13.8N / 42:  301.9  301.9  301.9  301.9  301.9  302.8  301.9  300.5  301.0  298.7  296.0  292.2  297.8  301.9  301.9  301.4  301.0  300.5  301.0  301.0  301.0  301.0  301.0  301.4
 11.2N / 41:  301.0  301.9  301.0  301.0  300.5  301.4  300.5  300.1  301.0  300.5  300.1  296.5  298.3  301.0  301.9  300.5  297.8  298.7  298.7  299.6  300.1  301.4  301.4  301.9
 8.8N  / 40:  298.7  299.6  299.6  299.6  300.1  298.7  298.7  299.6  299.6  299.2  299.2  299.2  298.3  296.0  296.9  296.5  296.5  293.2  295.5  298.3  298.7  296.9  299.6  301.9
 6.2N  / 39:  297.8  296.9  296.0  296.0  296.5  296.0  296.0  296.0  296.9  296.9  298.3  298.3  298.7  298.7  298.3  291.2  291.2  294.6  299.6  297.4  294.1  294.1  294.6  299.2
 3.8N  / 38:  296.9  296.0  295.5  296.0  296.0  295.0  295.0  295.0  295.0  296.0  296.0  296.9  296.9  296.9  296.5  288.3  292.7  297.4  296.0  295.5  292.7  296.0  296.5  294.6
 1.2N  / 37:  294.6  294.1  294.1  293.6  293.6  293.6  294.1  294.1  294.1  295.0  295.0  295.5  295.0  295.5  289.8  290.7  295.5  295.0  296.5  295.0  294.6  296.9  295.0  294.6
 1.2S  / 36:  294.6  294.1  294.1  294.1  293.6  293.2  293.2  293.2  292.7  293.6  294.1  293.2  292.2  292.2  288.3  294.6  296.0  296.5  296.5  296.0  294.6  295.0  294.6  295.5
 3.8S  / 35:  296.0  295.5  295.5  295.0  295.0  294.6  293.6  293.2  293.2  293.2  292.7  292.7  291.7  293.6  289.3  294.6  295.5  296.0  295.5  297.4  296.9  295.0  294.1  295.0
 6.2S  / 34:  296.5  296.5  296.5  295.5  295.0  295.0  294.6  294.1  293.2  293.2  293.2  293.2  292.7  291.2  293.2  292.7  296.5  295.5  296.0  295.0  295.0  294.1  294.6  293.6
 8.8S  / 33:  296.9  296.9  296.0  295.5  295.5  295.0  294.6  293.6  292.7  292.2  292.2  291.7  291.7  291.2  290.7  288.8  294.1  294.6  295.5  295.5  296.0  295.0  294.6  292.7
 11.2S / 32:  296.9  296.5  296.5  295.5  295.0  295.0  294.1  293.6  292.7  291.7  291.2  291.2  290.7  291.2  291.2  288.8  292.2  296.0  297.8  297.8  297.8  296.5  296.5  295.0
 13.8S / 31:  296.9  296.5  296.0  295.5  294.6  294.1  294.1  293.2  292.7  291.7  290.7  290.7  290.7  290.2  290.2  293.2  288.8  288.8  295.5  300.5  297.4  297.4  299.6  298.3
 16.2S / 30:  296.0  295.5  295.0  294.6  294.1  293.6  293.2  292.7  292.2  291.2  291.2  290.7  290.2  290.2  290.2  290.2  293.2  291.2  288.3  294.6  300.1  299.6  302.3  301.4
 18.8S / 29:  295.5  295.5  295.0  294.6  293.6  293.6  292.7  293.2  292.2  291.7  290.7  290.2  290.2  290.2  289.8  289.8  290.7  294.1  291.2  291.2  294.6  302.3  302.3  303.6
 21.2S / 28:  295.0  294.6  294.1  294.1  293.2  292.7  292.2  292.2  291.2  291.2  291.2  290.2  289.3  288.8  288.3  288.8  288.3  290.7  293.2  292.7  301.9  304.5  301.9  303.2
