             VARIABLE : Mean TS from clear sky composite (kelvin)
             FILENAME : ISCCPMonthly_avg.nc
             FILEPATH : /usr/local/fer_data/data/
             SUBSET   : 24 by 24 points (LONGITUDE-LATITUDE)
             TIME     : 16-FEB-1997 00:00
              113.8W 111.2W 108.8W 106.2W 103.8W 101.2W 98.8W  96.2W  93.8W  91.2W  88.8W  86.2W  83.8W  81.2W  78.8W  76.2W  73.8W  71.2W  68.8W  66.2W  63.8W  61.2W  58.8W  56.2W  
               27     28     29     30     31     32     33     34     35     36     37     38     39     40     41     42     43     44     45     46     47     48     49     50
 36.2N / 51:  278.9  275.0  275.0  271.5  272.7  276.1  276.7  276.7  277.3  276.7  277.3  278.4  278.4  278.4  278.4  281.1  290.7  292.2  292.2  289.8  289.8  289.3  287.8  287.8
 33.8N / 50:  285.2  285.2  278.9  276.7  277.3  281.1  281.6  281.6  282.7  281.6  281.6  281.6  282.2  282.2  283.7  291.7  293.2  291.2  290.7  290.7  290.2  290.2  289.8  289.8
 31.2N / 49:  288.3  288.3  283.7  282.7  282.7  283.2  284.7  285.8  285.8  285.2  284.7  284.7  285.2  290.7  296.0  296.0  294.6  293.2  292.2  292.2  292.2  292.2  292.2  291.7
 28.8N / 48:  289.3  289.8  289.8  283.2  285.8  286.8  289.3  288.8  290.2  290.2  290.2  292.2  291.2  291.7  296.9  295.5  294.6  294.1  294.1  294.6  293.6  293.6  293.6  293.2
 26.2N / 47:  291.2  291.7  289.3  289.3  286.3  288.8  292.2  293.2  294.1  294.6  295.0  296.0  296.0  293.6  296.0  296.5  296.0  295.5  296.0  296.0  295.5  295.0  295.0  294.6
 23.8N / 46:  292.2  293.2  293.2  288.3  288.3  287.8  290.2  294.1  295.5  296.5  296.5  297.8  297.4  296.9  296.5  296.5  296.5  296.5  296.5  296.5  296.5  296.0  296.0  295.5
 21.2N / 45:  293.2  294.6  294.6  295.0  292.7  290.7  294.1  295.5  297.4  296.5  296.5  296.9  297.8  297.4  296.9  296.9  297.4  297.4  297.8  296.9  296.9  297.4  296.9  296.5
 18.8N / 44:  296.0  296.0  296.0  296.0  296.9  297.4  296.0  295.0  296.5  296.9  296.0  298.3  298.7  298.7  298.7  298.3  298.3  296.5  297.4  297.4  297.4  297.8  297.4  296.9
 16.2N / 43:  296.9  296.9  297.4  298.3  299.6  299.6  298.7  296.9  295.5  293.2  293.2  296.5  297.4  298.7  298.7  298.3  298.3  298.7  298.3  298.7  298.7  298.3  297.8  297.8
 13.8N / 42:  297.8  297.8  298.3  298.7  300.1  300.5  301.4  300.5  300.1  299.2  298.3  295.5  296.0  298.7  298.7  298.7  298.3  298.7  299.2  298.7  299.2  298.7  298.3  297.8
 11.2N / 41:  298.3  298.3  299.6  299.6  300.1  300.5  300.5  300.1  300.5  300.1  299.2  299.2  297.4  298.7  298.7  299.2  298.3  299.2  296.5  297.8  297.8  298.7  298.7  299.2
 8.8N  / 40:  298.7  299.2  299.2  299.2  299.6  299.2  299.2  299.2  299.2  299.2  299.2  299.6  300.5  296.9  298.3  296.9  299.6  296.0  294.6  298.3  296.9  293.2  296.5  298.7
 6.2N  / 39:  298.3  298.7  299.2  299.2  299.6  299.6  299.2  299.6  299.6  299.6  300.5  301.9  302.3  301.4  300.1  292.7  292.2  294.1  299.2  298.3  292.2  291.2  290.2  295.5
 3.8N  / 38:  297.4  297.8  297.8  297.8  298.7  298.7  298.7  299.2  300.1  300.1  300.1  301.0  301.4  300.5  297.4  289.3  293.2  298.3  296.0  294.1  289.8  292.7  293.6  291.2
 1.2N  / 37:  297.4  297.8  297.4  296.9  298.3  298.3  298.3  298.7  298.7  298.3  298.7  298.3  298.7  297.4  291.2  289.8  296.0  294.6  293.2  292.7  292.7  293.6  292.7  292.2
 1.2S  / 36:  296.5  296.5  296.5  296.9  297.4  297.4  297.4  297.4  297.8  297.8  299.2  298.3  297.8  296.5  285.2  291.2  294.6  293.2  291.7  292.7  294.1  293.6  293.2  294.6
 3.8S  / 35:  296.9  296.9  296.9  296.9  297.4  297.4  297.4  297.8  297.8  298.7  298.7  299.2  297.8  296.5  285.2  290.2  295.0  294.1  293.2  293.2  294.1  293.6  295.0  293.6
 6.2S  / 34:  297.4  297.4  297.4  296.9  297.4  297.4  297.8  297.8  298.3  298.7  299.2  299.2  297.8  296.5  292.2  287.8  293.6  294.6  293.6  292.7  293.2  292.2  293.2  294.1
 8.8S  / 33:  297.4  297.4  297.4  297.4  297.4  297.4  297.4  297.8  297.8  298.3  298.3  298.7  298.7  297.8  295.0  287.8  290.7  292.7  292.2  293.2  293.6  292.7  292.7  292.7
 11.2S / 32:  297.4  296.9  296.9  296.5  296.9  296.9  296.9  296.9  297.4  297.4  297.8  297.8  298.3  297.8  295.5  283.2  289.3  290.2  292.7  291.7  291.7  292.7  292.7  292.7
 13.8S / 31:  297.4  296.9  296.5  296.5  296.9  296.5  296.5  296.5  296.5  296.5  296.5  296.9  297.4  297.4  296.9  293.6  282.7  279.5  290.7  294.1  294.1  291.2  292.7  293.6
 16.2S / 30:  297.4  296.9  296.5  296.0  296.5  296.5  296.0  296.0  295.5  295.5  295.5  295.5  296.0  296.0  296.5  296.5  296.0  287.3  279.5  287.3  294.1  294.6  295.5  296.0
 18.8S / 29:  296.9  296.9  296.5  296.0  296.5  296.5  296.0  296.0  295.5  295.0  295.0  294.6  294.6  295.0  295.5  296.0  296.5  295.5  282.7  282.7  287.3  295.0  296.9  297.4
 21.2S / 28:  297.4  296.9  296.9  296.5  296.5  296.0  296.0  295.5  295.5  295.0  295.0  294.1  293.6  293.6  294.1  295.0  295.5  296.5  292.7  285.2  294.6  299.6  298.3  296.5
