             VARIABLE : Mean TS from clear sky composite (kelvin)
             FILENAME : ISCCPMonthly_avg.nc
             FILEPATH : /usr/local/fer_data/data/
             SUBSET   : 24 by 24 points (LONGITUDE-LATITUDE)
             TIME     : 16-JUL-1998 00:00
              113.8W 111.2W 108.8W 106.2W 103.8W 101.2W 98.8W  96.2W  93.8W  91.2W  88.8W  86.2W  83.8W  81.2W  78.8W  76.2W  73.8W  71.2W  68.8W  66.2W  63.8W  61.2W  58.8W  56.2W  
               27     28     29     30     31     32     33     34     35     36     37     38     39     40     41     42     43     44     45     46     47     48     49     50
 36.2N / 51:  309.6  306.2  306.2  300.1  298.3  307.5  307.9  307.9  305.3  303.2  302.8  300.1  297.4  297.4  300.1  298.7  300.5  300.1  300.1  298.7  299.2  297.8  297.4  297.4
 33.8N / 50:  314.9  314.9  307.5  303.6  308.3  308.7  309.6  309.6  307.5  305.8  304.0  303.2  303.2  303.2  302.3  301.4  301.4  299.2  298.3  298.3  299.6  300.1  299.2  298.7
 31.2N / 49:  314.5  314.5  308.7  306.6  307.9  310.0  309.6  307.5  307.5  305.8  303.6  303.6  303.6  303.6  302.3  302.3  300.5  301.0  299.6  300.1  300.5  300.5  300.5  300.1
 28.8N / 48:  309.1  308.3  308.3  304.0  307.5  309.1  309.6  305.8  304.0  303.6  303.6  303.6  302.8  303.6  303.2  301.4  301.0  301.0  301.0  300.5  300.1  300.1  300.5  300.5
 26.2N / 47:  302.8  305.8  298.3  298.3  303.6  308.3  308.7  303.2  303.2  302.8  302.8  303.2  303.2  304.0  301.9  302.3  301.0  301.4  301.4  300.5  301.0  300.5  300.5  300.1
 23.8N / 46:  297.8  304.5  303.6  297.8  297.8  302.8  304.0  303.2  302.3  302.3  302.3  302.3  301.4  301.4  301.9  301.4  301.4  300.5  301.4  300.5  301.0  301.0  301.0  299.6
 21.2N / 45:  297.4  301.9  302.8  302.3  295.0  293.6  302.8  302.8  301.9  299.6  299.6  301.0  301.4  301.4  301.0  302.3  300.5  300.5  300.1  300.5  300.1  300.5  299.6  299.2
 18.8N / 44:  299.6  299.6  302.8  303.2  301.0  297.4  295.5  299.2  301.4  301.0  300.1  301.9  301.4  301.4  301.4  300.5  300.1  299.2  299.6  299.6  300.1  300.1  300.1  299.6
 16.2N / 43:  299.6  301.9  302.8  303.2  303.2  301.9  297.8  298.7  296.0  297.4  297.4  298.3  299.2  300.5  301.0  300.5  300.5  300.5  300.5  300.5  300.5  300.5  300.1  300.1
 13.8N / 42:  300.1  301.9  301.9  302.3  302.3  302.3  302.3  302.8  301.4  298.7  296.5  295.0  296.9  300.1  300.5  300.1  300.1  300.1  301.0  300.5  300.5  301.0  300.5  300.1
 11.2N / 41:  300.5  301.4  302.3  301.9  301.4  301.9  301.4  301.0  301.0  301.4  301.0  297.8  297.4  299.6  300.5  300.5  299.2  301.4  299.2  300.5  299.6  300.5  300.5  300.1
 8.8N  / 40:  300.5  301.0  301.9  302.3  301.9  301.0  300.5  301.0  299.6  300.1  300.1  300.1  298.3  295.5  297.4  298.3  298.7  297.8  297.4  298.3  300.1  299.2  298.7  301.0
 6.2N  / 39:  300.1  300.1  300.1  301.0  300.5  299.2  299.2  298.7  300.5  296.9  298.7  297.4  299.2  298.7  297.4  292.7  293.6  294.1  296.9  296.0  294.6  295.5  296.9  298.3
 3.8N  / 38:  299.2  299.2  298.7  298.7  298.3  297.4  297.8  297.8  297.8  297.8  297.8  297.8  299.2  299.6  298.3  290.7  291.7  296.5  296.5  295.0  292.2  297.4  297.4  296.5
 1.2N  / 37:  296.9  296.5  296.5  296.5  296.0  296.5  296.9  296.9  296.9  297.4  296.9  296.5  296.5  296.5  293.6  291.2  294.1  295.0  295.0  295.0  295.0  297.4  296.0  296.5
 1.2S  / 36:  296.5  296.5  296.5  296.5  295.5  295.5  295.5  295.5  295.0  295.5  295.0  294.6  294.1  294.1  290.7  293.6  295.5  296.0  295.5  296.5  297.4  298.3  297.4  298.3
 3.8S  / 35:  297.8  297.4  297.8  297.8  297.4  297.4  296.9  296.5  296.0  296.5  295.5  294.6  293.2  294.6  290.2  295.5  296.0  296.0  296.9  297.8  297.8  298.3  298.7  298.7
 6.2S  / 34:  298.3  298.3  298.3  298.3  297.8  297.4  297.8  297.4  296.9  296.5  296.0  295.0  294.1  292.7  296.0  294.1  296.9  296.5  296.9  298.3  297.8  298.3  298.3  297.8
 8.8S  / 33:  297.8  297.8  297.4  297.8  297.4  297.4  296.9  296.5  296.0  295.5  295.5  295.0  294.1  292.7  292.7  293.6  296.9  297.4  297.4  298.3  298.3  299.2  298.3  298.3
 11.2S / 32:  297.4  297.4  297.4  296.9  296.9  296.9  296.9  296.5  296.0  295.0  294.1  293.2  292.2  291.7  292.2  291.2  295.0  296.9  297.8  298.3  297.8  297.8  297.8  297.8
 13.8S / 31:  296.5  296.5  296.0  296.0  295.5  296.0  296.0  295.5  295.0  294.6  293.6  293.2  291.7  290.7  290.2  292.7  287.8  290.2  295.0  299.2  297.8  296.9  297.8  298.3
 16.2S / 30:  296.0  295.5  295.5  295.0  294.6  294.6  295.0  294.6  294.1  293.2  293.2  292.2  291.7  291.2  290.2  289.8  290.7  291.2  286.8  293.2  296.9  297.4  298.3  298.7
 18.8S / 29:  295.5  295.5  295.0  294.6  294.6  294.1  294.6  294.6  293.6  293.2  292.7  291.7  290.7  290.2  289.8  289.3  289.3  290.2  281.1  281.1  289.8  296.5  297.4  297.4
 21.2S / 28:  295.0  295.0  294.1  294.1  293.6  293.6  293.6  293.2  293.2  292.7  292.7  292.2  291.7  290.7  290.2  289.8  288.8  288.8  288.3  281.1  292.2  296.5  296.5  294.1
