             VARIABLE : Mean Near-surface air temperature (kelvin)
             FILENAME : ISCCPMonthly_avg.nc
             FILEPATH : /usr/local/fer_data/data/
             SUBSET   : 24 by 24 points (LONGITUDE-LATITUDE)
             TIME     : 16-DEC-1998 00:00
              113.8W 111.2W 108.8W 106.2W 103.8W 101.2W 98.8W  96.2W  93.8W  91.2W  88.8W  86.2W  83.8W  81.2W  78.8W  76.2W  73.8W  71.2W  68.8W  66.2W  63.8W  61.2W  58.8W  56.2W  
               27     28     29     30     31     32     33     34     35     36     37     38     39     40     41     42     43     44     45     46     47     48     49     50
 36.2N / 51:  285.2  284.7  284.7  285.2  275.6  280.0  281.1  281.1  283.2  284.2  284.2  282.2  281.1  281.1  284.7  286.8  289.3  290.2  290.2  291.7  291.7  291.2  291.2  291.2
 33.8N / 50:  287.3  287.3  281.6  278.4  285.8  284.7  286.8  286.8  287.3  286.8  286.8  287.8  288.3  288.3  290.2  291.7  293.6  293.2  293.6  293.6  293.6  293.6  293.2  292.7
 31.2N / 49:  290.7  290.7  288.3  288.3  287.8  287.8  288.8  290.7  290.7  291.2  291.2  291.7  293.2  293.2  295.0  295.0  295.0  294.6  294.6  294.6  294.6  294.1  294.1  294.6
 28.8N / 48:  294.1  294.1  294.1  288.3  293.2  293.6  294.1  293.2  293.2  294.6  294.6  294.6  294.6  295.0  296.0  296.5  296.0  296.0  296.0  296.0  296.0  295.5  295.5  295.0
 26.2N / 47:  294.1  294.6  296.5  296.5  295.0  295.0  296.9  295.0  295.5  295.5  296.0  296.5  296.5  296.0  297.8  296.9  297.4  296.9  296.9  297.4  296.5  296.9  296.9  296.9
 23.8N / 46:  295.0  297.8  297.8  298.7  298.7  299.6  296.9  296.5  296.5  296.9  296.9  297.8  298.3  298.3  297.8  298.3  298.3  297.8  298.3  298.3  297.8  297.8  296.9  297.4
 21.2N / 45:  296.9  297.8  299.2  300.1  291.7  290.7  296.0  297.8  297.8  298.7  298.7  299.2  299.2  299.6  299.6  299.6  298.7  299.2  298.7  298.7  298.7  299.2  298.3  298.3
 18.8N / 44:  298.7  298.7  299.6  300.5  301.0  300.5  295.5  295.5  296.9  300.1  300.1  299.6  300.1  300.5  300.5  300.5  300.1  299.2  299.6  299.6  299.6  299.6  299.6  299.6
 16.2N / 43:  299.6  300.1  301.0  301.0  301.4  301.4  299.6  298.3  296.5  298.7  298.7  298.7  299.6  300.5  301.0  301.0  301.0  301.0  300.5  300.5  300.5  300.5  300.1  299.6
 13.8N / 42:  300.1  300.5  300.5  301.0  301.0  301.4  301.4  301.4  301.4  301.9  299.2  294.6  301.0  301.0  301.0  301.0  301.0  301.0  301.0  301.4  301.0  300.5  301.0  300.1
 11.2N / 41:  300.5  300.5  300.5  300.5  300.5  301.0  300.5  301.0  301.4  301.4  301.0  299.6  300.5  300.5  301.4  301.9  300.1  301.9  301.4  301.4  301.4  301.4  301.4  301.4
 8.8N  / 40:  300.5  301.0  301.0  300.5  300.5  301.0  301.0  301.0  301.0  300.5  300.5  301.0  301.4  300.5  301.4  301.9  302.8  300.5  301.9  301.9  303.2  302.3  301.4  301.4
 6.2N  / 39:  299.6  299.2  299.6  299.2  299.6  300.1  300.1  300.5  300.5  300.5  300.5  301.0  301.0  300.5  301.0  300.5  298.7  302.8  303.6  299.6  295.5  299.6  300.5  301.4
 3.8N  / 38:  298.3  298.3  298.7  298.7  298.7  298.7  298.7  299.6  299.6  299.6  300.1  300.1  300.5  300.5  301.0  296.5  300.5  304.0  303.2  299.2  293.2  300.5  301.9  300.5
 1.2N  / 37:  297.4  296.9  296.9  297.4  297.4  298.3  297.8  298.3  298.7  299.2  299.2  299.6  299.6  300.1  299.6  299.6  300.1  300.5  301.4  300.1  298.7  303.2  302.3  302.8
 1.2S  / 36:  296.9  296.5  296.5  296.5  296.5  296.9  297.4  296.9  297.4  298.3  297.8  298.3  298.3  300.1  293.6  302.8  303.2  303.6  303.2  302.8  302.8  302.8  302.8  303.2
 3.8S  / 35:  298.3  297.4  296.9  297.4  297.4  297.4  297.4  297.8  298.3  297.8  298.3  298.7  297.8  299.6  292.7  302.8  303.6  303.6  302.8  303.2  303.6  303.2  303.2  303.2
 6.2S  / 34:  297.8  298.3  297.8  297.8  297.8  297.8  297.8  297.8  297.8  298.3  298.3  298.3  298.3  298.3  299.2  300.1  302.8  302.8  302.8  302.3  303.2  302.8  303.2  302.8
 8.8S  / 33:  297.8  297.8  297.8  298.3  298.3  297.4  297.4  297.4  297.8  297.8  297.8  298.3  297.8  298.3  297.8  291.2  300.5  302.3  303.2  302.8  302.8  302.3  301.0  297.4
 11.2S / 32:  297.8  297.4  297.4  297.4  297.4  296.9  296.5  296.5  296.5  296.9  297.4  297.4  297.8  297.8  296.9  288.8  297.4  301.0  301.4  301.9  299.2  301.0  301.0  301.4
 13.8S / 31:  297.4  297.4  296.5  296.5  296.5  296.9  296.0  296.0  295.5  295.5  295.5  296.5  296.9  296.5  297.4  296.9  286.3  295.0  302.8  304.5  303.2  300.5  301.0  297.8
 16.2S / 30:  296.9  296.9  296.5  296.9  295.5  295.0  295.0  294.6  293.2  294.1  294.1  294.1  294.6  296.0  296.0  296.9  296.9  298.3  278.9  298.3  303.2  302.8  301.9  302.3
 18.8S / 29:  297.4  297.4  296.9  296.9  295.5  295.0  294.6  294.6  293.6  293.2  293.2  293.6  294.1  295.0  295.0  296.5  297.4  298.7  284.7  284.7  298.7  304.0  302.3  304.0
 21.2S / 28:  297.4  296.9  296.5  296.0  295.5  294.6  294.1  293.6  292.2  292.7  292.7  292.7  292.7  293.2  293.6  294.6  295.0  296.0  294.1  277.8  302.3  305.3  304.5  302.8
