             VARIABLE : Mean Near-surface air temperature (kelvin)
             FILENAME : ISCCPMonthly_avg.nc
             FILEPATH : /usr/local/fer_data/data/
             SUBSET   : 24 by 24 points (LONGITUDE-LATITUDE)
             TIME     : 16-JAN-2000 00:00
              113.8W 111.2W 108.8W 106.2W 103.8W 101.2W 98.8W  96.2W  93.8W  91.2W  88.8W  86.2W  83.8W  81.2W  78.8W  76.2W  73.8W  71.2W  68.8W  66.2W  63.8W  61.2W  58.8W  56.2W  
               27     28     29     30     31     32     33     34     35     36     37     38     39     40     41     42     43     44     45     46     47     48     49     50
 36.2N / 51:  274.4  274.4  274.4  274.4  273.8  282.7  281.1  281.1  281.6  281.1  280.5  278.4  275.6  275.6  280.0  279.5  281.1  283.7  283.7  287.3  289.3  288.8  289.3  289.3
 33.8N / 50:  284.7  284.7  277.8  277.3  287.3  287.8  286.8  286.8  285.2  284.2  283.2  283.7  283.7  283.7  284.2  284.7  285.8  287.8  289.8  289.8  289.3  289.8  289.8  289.8
 31.2N / 49:  289.3  289.3  289.3  290.2  290.2  289.3  288.3  288.3  288.3  288.3  287.3  288.3  288.3  288.3  288.3  288.3  291.7  290.7  290.7  290.7  291.7  291.2  291.2  290.7
 28.8N / 48:  293.2  293.2  293.2  286.8  294.1  295.0  293.2  291.2  290.2  291.2  291.2  291.7  291.2  292.2  291.7  290.7  291.7  291.7  291.7  292.2  292.2  292.2  292.2  291.7
 26.2N / 47:  293.6  294.1  296.5  296.5  296.5  296.0  296.0  294.6  293.6  294.1  294.1  294.1  294.1  293.2  293.6  292.7  293.2  293.2  293.2  293.2  293.2  293.6  293.6  293.2
 23.8N / 46:  294.6  295.0  295.5  295.0  295.0  294.6  296.9  295.0  294.6  295.0  294.6  295.0  295.5  294.6  295.0  294.6  294.6  294.6  295.0  295.0  294.6  294.6  294.6  294.1
 21.2N / 45:  296.0  296.9  297.4  297.8  287.3  289.3  295.5  296.0  296.0  297.4  297.4  297.4  296.5  296.9  296.9  296.5  295.5  296.0  296.0  296.0  296.0  295.0  294.6  295.0
 18.8N / 44:  297.4  297.4  297.8  298.7  298.7  297.8  297.8  296.5  297.4  299.6  299.6  297.4  296.9  296.9  297.4  296.9  297.8  297.8  297.4  297.4  296.9  296.0  295.5  295.0
 16.2N / 43:  297.4  298.3  298.7  299.2  299.6  300.1  300.1  300.1  296.5  297.4  297.4  296.9  297.4  297.8  298.3  298.3  298.3  297.4  297.4  297.4  297.4  296.9  296.5  296.5
 13.8N / 42:  297.8  298.7  298.7  298.3  298.7  300.1  300.5  300.1  299.6  301.0  300.1  293.6  299.2  298.7  298.7  298.7  298.7  298.7  298.7  298.3  298.7  298.3  297.8  298.3
 11.2N / 41:  298.7  298.7  298.7  298.7  299.2  299.6  299.2  299.2  300.5  300.1  299.6  299.6  299.2  299.2  299.6  300.1  299.6  299.6  299.2  298.7  299.2  299.6  299.6  299.2
 8.8N  / 40:  298.7  298.7  298.7  299.2  299.2  299.6  299.6  300.1  299.6  299.6  299.6  300.1  301.4  300.1  301.4  301.0  304.0  301.9  302.3  303.2  301.9  300.5  300.5  299.6
 6.2N  / 39:  297.8  298.7  298.3  298.7  299.2  299.6  299.6  299.6  299.6  299.6  300.1  300.1  300.5  301.0  300.5  300.1  299.6  301.0  303.6  298.7  293.2  295.5  298.3  301.4
 3.8N  / 38:  296.9  297.4  297.8  297.4  298.3  299.2  299.2  299.2  299.6  299.6  299.6  300.1  300.1  299.6  299.6  293.6  298.3  304.5  302.8  298.7  292.7  298.3  302.8  299.2
 1.2N  / 37:  296.9  296.9  297.4  297.4  297.4  297.4  297.8  298.3  298.3  298.7  299.2  299.2  299.6  299.6  299.2  298.3  302.8  300.5  303.2  301.4  300.5  302.3  301.4  303.2
 1.2S  / 36:  296.5  296.5  296.5  296.9  297.4  296.9  297.8  298.3  298.3  299.2  298.7  299.2  298.7  299.6  287.3  301.9  304.0  303.6  303.2  304.5  303.2  303.2  302.8  303.2
 3.8S  / 35:  296.9  296.9  297.4  296.9  297.8  297.8  298.3  298.7  299.2  299.2  299.6  299.2  298.7  298.7  286.8  301.9  303.2  303.2  303.6  303.6  303.6  303.2  303.6  304.5
 6.2S  / 34:  297.4  297.4  297.4  297.4  297.4  297.8  297.8  298.3  299.2  299.2  299.6  299.2  299.2  298.7  296.0  299.2  304.5  304.5  304.5  304.5  304.0  304.5  304.5  303.6
 8.8S  / 33:  296.9  297.4  297.4  297.8  297.4  297.8  297.8  298.7  298.3  298.7  298.7  299.2  299.6  299.2  298.7  285.8  300.5  304.9  301.0  304.5  304.5  304.5  304.5  303.2
 11.2S / 32:  297.4  296.9  297.4  296.9  297.4  297.4  296.9  297.4  297.8  297.8  298.7  298.7  298.7  298.7  298.7  284.2  297.8  301.4  303.2  301.4  298.3  299.6  299.6  296.5
 13.8S / 31:  296.5  296.5  296.5  296.5  296.5  296.5  296.5  296.5  296.9  297.4  297.4  297.8  298.7  298.3  298.3  296.9  286.8  293.6  304.5  304.9  303.2  297.4  299.2  298.3
 16.2S / 30:  296.9  296.0  296.5  296.5  296.5  296.0  296.0  296.0  296.0  296.9  296.9  296.5  296.9  297.8  297.8  298.3  297.4  293.2  277.8  301.0  303.2  305.3  302.3  304.9
 18.8S / 29:  296.9  296.9  296.5  295.5  296.0  295.5  295.5  295.5  295.5  295.5  295.5  296.5  296.5  297.4  297.8  298.3  298.7  295.0  285.8  285.8  295.0  303.2  302.8  304.5
 21.2S / 28:  297.4  297.4  296.5  296.0  295.5  295.5  294.6  295.0  295.0  295.0  295.0  295.5  296.0  296.0  296.0  296.9  297.8  298.7  296.5  278.4  301.0  304.5  303.2  301.4
