             VARIABLE : Mean Near-surface air temperature (kelvin)
             FILENAME : ISCCPMonthly_avg.nc
             FILEPATH : /usr/local/fer_data/data/
             SUBSET   : 24 by 24 points (LONGITUDE-LATITUDE)
             TIME     : 16-MAY-1998 00:00
              113.8W 111.2W 108.8W 106.2W 103.8W 101.2W 98.8W  96.2W  93.8W  91.2W  88.8W  86.2W  83.8W  81.2W  78.8W  76.2W  73.8W  71.2W  68.8W  66.2W  63.8W  61.2W  58.8W  56.2W  
               27     28     29     30     31     32     33     34     35     36     37     38     39     40     41     42     43     44     45     46     47     48     49     50
 36.2N / 51:  294.6  292.2  292.2  290.7  294.1  300.1  299.6  299.6  300.5  299.6  298.7  296.9  294.1  294.1  296.9  295.5  295.5  295.0  295.0  294.6  294.6  293.6  293.6  293.6
 33.8N / 50:  296.9  296.9  296.5  295.5  296.9  301.9  303.6  303.6  301.9  300.5  299.6  298.7  298.3  298.3  298.7  297.4  295.5  295.0  294.1  294.1  294.1  293.6  293.6  293.2
 31.2N / 49:  298.7  298.7  296.5  293.2  296.9  301.0  303.2  302.3  302.3  301.4  301.9  301.9  301.0  299.6  298.7  298.7  296.5  296.0  294.6  295.0  295.0  294.1  294.1  293.6
 28.8N / 48:  301.0  300.5  300.5  300.5  299.2  302.8  304.0  302.3  300.5  301.0  301.0  299.6  300.1  300.5  298.7  296.5  296.5  296.0  296.0  296.5  296.0  295.5  296.0  295.0
 26.2N / 47:  300.5  302.3  300.5  300.5  300.1  302.8  304.9  302.3  300.5  299.6  299.6  299.2  299.2  301.0  300.1  298.7  297.4  297.4  297.8  297.8  297.4  297.4  297.4  296.5
 23.8N / 46:  297.8  303.2  303.6  300.1  300.1  298.3  302.3  302.8  301.4  300.1  300.5  300.1  300.5  301.0  300.5  300.1  300.1  299.2  298.7  298.3  297.8  298.3  297.8  297.8
 21.2N / 45:  297.4  299.2  301.0  303.6  305.3  305.3  304.0  302.3  301.4  304.0  304.0  302.8  301.4  301.4  302.8  303.2  301.4  300.5  299.6  299.2  299.6  299.2  298.7  298.3
 18.8N / 44:  298.7  298.7  299.6  301.0  303.6  301.4  299.6  302.8  305.3  304.9  304.0  302.3  301.4  301.4  301.9  301.0  301.9  300.5  300.5  300.5  300.5  300.5  300.5  299.6
 16.2N / 43:  298.3  300.1  300.5  301.0  301.4  301.9  302.3  303.2  300.1  303.6  303.6  302.3  302.3  301.9  301.4  301.4  301.0  301.0  301.0  301.0  301.4  301.0  300.5  300.1
 13.8N / 42:  299.2  299.6  300.1  301.4  301.4  301.9  302.3  302.3  302.3  301.9  301.0  299.6  301.4  301.0  301.0  301.4  301.4  301.4  301.4  301.4  301.0  301.4  301.0  300.5
 11.2N / 41:  300.5  301.0  301.4  301.4  301.9  302.3  302.3  302.3  302.3  302.3  302.3  303.2  301.9  302.3  301.9  302.8  304.0  303.2  301.9  301.0  301.9  301.4  301.4  301.9
 8.8N  / 40:  301.4  301.4  301.4  302.3  302.3  302.8  302.3  302.3  302.8  302.8  302.8  302.3  302.3  302.3  302.3  301.0  302.8  302.3  301.0  301.0  300.5  301.0  301.0  301.4
 6.2N  / 39:  301.4  301.9  301.9  301.9  301.9  302.3  303.2  302.8  301.9  302.3  302.8  303.2  303.2  301.9  302.8  300.5  298.7  299.2  298.7  297.4  297.4  298.7  300.1  301.0
 3.8N  / 38:  301.4  301.0  301.4  301.4  301.9  301.9  302.3  302.3  302.3  301.9  302.8  301.9  302.3  301.9  302.3  294.6  294.1  297.8  296.5  295.0  295.0  297.4  300.1  299.2
 1.2N  / 37:  300.5  300.5  301.0  301.0  301.4  301.4  301.0  301.4  301.4  301.4  301.4  301.9  301.9  301.9  297.8  297.4  297.8  297.8  298.7  298.7  298.7  300.1  300.5  300.5
 1.2S  / 36:  301.0  300.5  301.0  301.0  300.5  301.0  301.0  300.5  300.5  301.4  301.4  301.4  301.9  301.0  293.6  299.6  298.3  298.3  298.3  300.1  299.6  299.2  299.2  300.5
 3.8S  / 35:  301.0  301.0  300.5  300.5  300.5  300.5  300.5  301.0  301.0  301.4  301.4  301.0  300.5  301.0  291.2  299.6  298.7  299.6  298.7  299.2  300.1  300.5  300.5  301.0
 6.2S  / 34:  301.0  301.0  301.0  300.5  301.0  300.5  300.5  300.5  300.5  300.5  300.5  300.5  300.1  298.7  291.2  296.5  300.1  299.6  300.1  299.6  300.5  300.5  301.0  301.4
 8.8S  / 33:  300.1  300.1  300.1  299.6  299.6  300.1  300.1  300.1  300.1  299.6  299.6  300.1  299.2  299.2  299.2  294.6  300.1  300.1  299.2  300.1  300.1  299.6  300.5  300.5
 11.2S / 32:  299.2  299.2  299.6  299.2  299.2  298.7  298.7  298.7  298.3  298.7  298.3  297.4  297.4  297.8  297.8  292.7  296.9  297.8  298.7  298.3  297.8  298.7  298.7  299.2
 13.8S / 31:  298.7  298.7  298.3  298.3  297.4  297.4  297.4  297.8  297.4  297.4  296.9  296.5  296.5  296.5  296.9  295.0  292.2  291.7  295.0  299.2  298.7  297.4  298.3  298.3
 16.2S / 30:  297.8  297.4  296.9  296.9  296.5  296.5  296.5  296.0  295.5  296.0  296.0  295.5  296.0  295.5  295.0  295.5  295.5  291.7  289.3  293.2  297.4  297.8  298.7  299.6
 18.8S / 29:  296.9  296.9  296.9  296.0  296.0  295.5  295.5  295.5  295.0  295.5  294.1  294.6  294.1  294.1  294.6  294.6  295.0  296.9  287.8  287.8  295.0  296.9  297.4  297.8
 21.2S / 28:  296.5  296.0  295.5  295.0  295.0  295.0  295.0  294.1  294.1  294.1  294.1  293.6  293.6  293.2  293.6  294.1  293.2  295.5  285.8  292.2  293.2  297.4  295.5  295.5
