             VARIABLE : Mean Near-surface air temperature (kelvin)
             FILENAME : ISCCPMonthly_avg.nc
             FILEPATH : /usr/local/fer_data/data/
             SUBSET   : 24 by 24 points (LONGITUDE-LATITUDE)
             TIME     : 16-NOV-1997 00:00
              113.8W 111.2W 108.8W 106.2W 103.8W 101.2W 98.8W  96.2W  93.8W  91.2W  88.8W  86.2W  83.8W  81.2W  78.8W  76.2W  73.8W  71.2W  68.8W  66.2W  63.8W  61.2W  58.8W  56.2W  
               27     28     29     30     31     32     33     34     35     36     37     38     39     40     41     42     43     44     45     46     47     48     49     50
 36.2N / 51:  284.2  284.7  284.7  277.3  280.5  282.7  285.2  285.2  283.7  282.2  282.7  282.2  280.5  280.5  284.2  285.2  289.3  289.3  289.3  290.7  290.2  291.2  291.2  291.2
 33.8N / 50:  293.2  293.2  284.7  283.7  286.3  287.3  286.8  286.8  285.8  285.2  285.2  285.2  285.8  285.8  288.3  290.7  291.7  291.7  292.2  292.2  292.7  293.2  293.2  293.2
 31.2N / 49:  296.9  296.9  288.8  290.2  289.8  290.2  289.3  288.3  288.3  288.8  288.8  289.8  290.2  291.7  292.2  292.2  293.2  294.1  294.1  294.6  294.6  294.6  294.6  295.0
 28.8N / 48:  300.1  297.8  297.8  290.2  294.6  292.7  293.2  291.7  292.7  293.2  293.2  294.1  294.1  294.6  296.5  295.5  296.5  296.5  296.5  296.0  296.0  296.5  296.9  296.5
 26.2N / 47:  301.0  301.4  296.9  296.9  301.4  296.9  295.5  294.6  295.5  296.0  296.5  296.5  296.5  296.5  297.4  298.3  298.7  298.7  299.2  298.7  298.7  297.8  297.8  297.8
 23.8N / 46:  299.2  301.9  302.8  296.0  296.0  297.8  296.5  296.9  297.4  298.7  298.3  298.7  300.1  300.5  300.5  301.0  301.0  300.5  300.5  300.1  299.6  299.2  299.2  298.7
 21.2N / 45:  298.7  299.6  301.0  302.3  296.9  296.5  296.9  299.6  298.7  299.6  299.6  300.1  301.4  301.9  302.3  302.3  301.9  301.9  300.5  300.1  300.1  299.6  299.6  300.1
 18.8N / 44:  300.1  300.1  300.5  301.4  301.9  299.2  297.4  298.3  299.6  301.0  301.4  300.5  301.4  301.9  302.3  302.3  302.8  301.0  301.4  301.4  301.0  300.5  301.0  300.5
 16.2N / 43:  300.5  301.0  301.4  301.9  302.3  301.9  300.1  299.2  297.4  299.2  299.2  301.4  301.4  301.4  301.4  301.9  301.4  301.4  301.4  301.0  301.0  301.4  301.0  301.0
 13.8N / 42:  301.0  301.0  301.4  301.9  302.3  302.3  302.3  302.3  302.8  301.4  298.3  296.5  301.0  301.4  301.4  301.9  301.9  301.9  301.4  301.4  301.4  301.4  301.4  301.0
 11.2N / 41:  301.4  301.4  301.4  301.9  301.4  301.4  301.4  301.9  301.9  302.8  301.9  302.3  301.4  301.9  301.9  303.2  304.0  304.5  301.9  301.9  301.4  301.9  301.9  301.4
 8.8N  / 40:  301.4  301.9  301.9  301.4  301.9  301.9  301.9  301.9  302.3  301.9  301.9  301.4  301.0  301.0  302.8  302.8  304.0  303.2  302.8  303.6  303.6  302.3  301.9  301.9
 6.2N  / 39:  301.4  301.4  301.9  301.9  301.9  301.4  301.4  301.9  301.9  302.3  301.4  301.9  301.9  301.9  302.3  300.1  299.2  301.4  303.6  300.5  298.7  299.6  302.3  302.8
 3.8N  / 38:  301.9  301.9  301.9  301.4  301.9  301.4  301.0  301.0  301.0  301.4  301.4  301.0  301.4  301.9  302.8  297.8  296.9  302.3  301.9  299.6  298.7  302.3  302.3  300.5
 1.2N  / 37:  301.4  301.9  301.9  301.4  301.9  301.0  301.0  301.0  301.0  301.0  300.5  300.5  300.5  301.0  297.4  296.9  299.2  300.1  300.5  301.9  301.0  302.8  302.3  302.3
 1.2S  / 36:  301.4  301.4  301.4  300.5  301.0  301.0  300.5  300.5  300.1  301.4  300.5  300.1  300.5  301.4  292.2  301.9  301.0  301.9  302.8  302.8  302.3  301.9  303.2  302.8
 3.8S  / 35:  301.0  300.5  300.5  300.5  300.5  300.1  300.1  300.5  300.5  300.1  299.6  299.6  299.2  301.0  291.7  301.0  302.3  302.8  302.8  301.9  302.8  302.8  303.6  302.8
 6.2S  / 34:  300.1  300.1  299.6  299.2  299.6  299.6  299.2  299.2  299.2  299.2  299.2  298.7  298.7  298.7  291.7  298.3  301.9  301.9  302.3  302.3  301.9  302.3  301.9  301.9
 8.8S  / 33:  299.2  298.7  298.7  298.7  298.7  298.3  297.8  298.3  297.8  298.3  298.3  297.8  298.3  297.4  297.8  292.7  300.5  301.0  301.4  301.9  302.8  302.3  302.8  302.8
 11.2S / 32:  298.3  297.8  297.8  298.3  297.8  297.4  296.9  296.9  296.9  297.4  297.4  296.9  297.8  297.4  296.9  288.3  296.9  301.4  301.9  301.9  301.4  301.0  301.0  301.9
 13.8S / 31:  297.4  298.3  297.8  297.4  297.4  296.9  296.5  296.5  296.5  296.0  296.5  296.0  296.5  296.5  295.5  294.1  285.2  288.8  301.4  303.6  302.8  300.1  301.9  302.3
 16.2S / 30:  296.9  296.9  296.5  296.5  296.0  295.5  295.5  295.5  295.0  295.0  295.0  294.6  294.6  295.5  295.0  295.0  296.5  285.8  283.7  296.5  302.8  302.8  302.8  303.6
 18.8S / 29:  297.4  297.4  296.5  295.5  295.5  295.0  295.0  295.0  294.6  294.1  294.6  294.1  293.6  294.1  294.1  294.6  295.5  291.7  284.7  284.7  292.2  304.5  304.0  304.9
 21.2S / 28:  296.0  296.0  296.0  295.0  295.0  294.6  294.1  293.6  293.6  293.2  293.2  293.6  293.2  293.6  293.2  293.6  294.1  295.0  289.3  289.3  303.2  304.5  304.0  302.3
