             VARIABLE : Mean Near-surface air temperature (kelvin)
             FILENAME : ISCCPMonthly_avg.nc
             FILEPATH : /usr/local/fer_data/data/
             SUBSET   : 24 by 24 points (LONGITUDE-LATITUDE)
             TIME     : 16-MAR-1995 00:00
              113.8W 111.2W 108.8W 106.2W 103.8W 101.2W 98.8W  96.2W  93.8W  91.2W  88.8W  86.2W  83.8W  81.2W  78.8W  76.2W  73.8W  71.2W  68.8W  66.2W  63.8W  61.2W  58.8W  56.2W  
               27     28     29     30     31     32     33     34     35     36     37     38     39     40     41     42     43     44     45     46     47     48     49     50
 36.2N / 51:  277.8  277.3  277.3  274.4  275.6  282.2  284.2  284.2  285.2  284.7  286.3  285.8  282.7  282.7  285.2  286.3  286.8  286.3  286.3  287.8  286.8  286.8  287.8  287.8
 33.8N / 50:  286.8  286.8  278.9  278.9  280.0  283.7  287.3  287.3  287.8  287.8  289.3  288.8  288.8  288.8  289.3  290.2  288.8  288.3  288.3  288.3  288.3  288.3  287.3  288.3
 31.2N / 49:  291.2  291.2  282.7  284.7  284.7  286.8  287.8  290.2  290.2  290.7  290.7  290.7  291.2  291.7  292.2  292.2  291.2  289.8  289.8  289.8  289.8  289.8  289.8  290.7
 28.8N / 48:  293.6  291.2  291.2  281.1  286.8  288.8  290.7  291.7  292.2  292.7  292.7  294.1  293.2  293.6  294.1  293.2  292.2  291.7  291.7  291.2  291.7  291.2  291.2  292.7
 26.2N / 47:  294.6  295.5  289.3  289.3  286.3  286.8  294.1  294.6  294.6  295.0  295.0  295.0  295.0  295.0  295.5  294.6  294.1  294.1  293.6  293.2  292.7  293.6  293.6  294.1
 23.8N / 46:  294.6  296.9  297.4  285.2  285.2  285.2  289.8  296.0  296.5  296.5  296.5  296.9  297.4  296.9  296.9  296.5  296.5  296.0  296.0  296.0  295.5  295.0  295.5  295.5
 21.2N / 45:  295.5  296.5  297.8  299.2  288.8  286.3  294.6  297.4  296.5  297.4  297.4  297.4  298.3  298.7  298.7  298.3  299.2  298.3  297.4  296.5  296.9  296.0  296.5  296.0
 18.8N / 44:  296.9  296.9  297.8  298.7  300.5  297.4  291.7  292.2  298.7  298.3  297.4  298.7  299.2  298.3  298.7  298.7  299.6  298.3  298.3  298.3  297.8  297.8  297.4  297.8
 16.2N / 43:  298.3  298.7  299.2  299.6  300.5  301.4  300.5  299.6  295.5  296.5  296.5  300.1  298.7  299.2  299.2  299.6  299.2  299.2  298.7  298.3  298.7  298.7  298.7  297.8
 13.8N / 42:  299.6  300.1  300.1  300.5  301.0  301.0  301.4  301.0  301.0  300.5  296.9  292.7  298.7  299.6  299.6  299.2  299.6  299.2  298.7  299.2  299.2  299.2  298.7  299.2
 11.2N / 41:  300.1  300.5  300.5  301.0  301.4  301.0  301.0  301.0  301.0  300.5  300.1  299.6  299.6  300.1  299.6  301.0  301.4  301.0  300.1  300.1  299.6  299.6  299.6  299.6
 8.8N  / 40:  301.0  301.4  301.0  301.4  301.0  301.0  300.5  301.0  300.5  300.5  300.5  301.0  301.9  301.0  299.6  300.5  301.0  299.2  301.4  302.3  302.8  301.4  301.0  300.1
 6.2N  / 39:  300.5  301.0  301.0  301.0  300.5  301.0  301.4  301.4  301.0  301.0  301.4  301.4  301.4  301.4  299.2  297.4  296.9  300.1  302.8  301.0  297.8  298.7  299.6  301.0
 3.8N  / 38:  300.5  301.0  300.5  300.5  300.5  300.5  300.5  300.5  301.0  301.0  301.0  301.4  300.5  299.6  299.2  292.7  295.5  300.5  300.5  297.8  296.5  299.2  299.6  299.2
 1.2N  / 37:  299.2  299.6  299.6  299.6  299.6  299.6  300.1  300.1  300.1  300.1  299.2  299.2  298.7  298.7  296.5  296.5  299.2  300.1  300.5  300.5  301.0  301.0  300.5  300.1
 1.2S  / 36:  299.2  299.2  299.2  299.2  299.6  299.6  299.6  300.1  300.1  300.5  299.6  299.2  298.7  298.7  291.2  299.2  300.1  300.1  300.1  301.0  301.0  300.5  300.5  300.1
 3.8S  / 35:  300.1  300.1  300.1  299.6  300.1  300.5  300.5  300.1  300.1  300.5  300.5  300.1  298.7  298.7  288.8  299.6  301.0  301.0  301.4  301.0  301.0  301.4  301.4  301.4
 6.2S  / 34:  300.1  300.5  300.1  300.1  299.6  300.1  300.5  300.5  300.5  300.1  300.5  300.5  299.6  298.7  291.7  296.9  301.0  299.2  301.9  301.4  301.4  302.3  301.0  301.0
 8.8S  / 33:  299.6  299.6  299.6  299.2  298.7  299.2  299.2  299.6  299.6  300.1  300.1  300.1  299.6  299.2  298.3  283.2  298.3  299.2  298.3  301.0  301.0  300.5  300.5  300.5
 11.2S / 32:  299.2  299.2  298.7  298.3  298.3  298.3  298.3  298.3  298.3  298.3  299.2  298.7  298.7  298.3  297.4  284.2  297.8  300.1  300.1  299.6  299.6  299.6  299.6  299.6
 13.8S / 31:  298.7  298.3  297.8  298.3  297.4  297.8  297.4  296.9  297.4  297.4  297.8  297.8  297.8  297.8  297.4  293.2  275.6  277.3  299.6  301.4  299.2  297.8  298.7  299.2
 16.2S / 30:  297.8  297.8  296.9  296.5  296.9  296.5  296.5  296.0  295.5  296.0  296.0  296.5  296.0  296.9  296.9  296.9  296.5  285.2  279.5  292.7  299.6  301.4  300.5  302.3
 18.8S / 29:  297.4  297.4  296.5  296.9  296.0  296.0  296.0  295.5  295.5  295.0  295.0  295.0  295.0  295.0  296.0  295.5  296.5  290.2  282.7  282.7  289.8  301.4  301.4  303.6
 21.2S / 28:  297.8  297.4  296.5  296.5  296.0  295.5  295.5  294.6  294.6  294.1  294.1  294.6  294.6  293.6  295.0  294.6  295.0  296.0  284.7  285.2  300.1  303.6  302.3  299.2
