             VARIABLE : Mean Near-surface air temperature (kelvin)
             FILENAME : ISCCPMonthly_avg.nc
             FILEPATH : /usr/local/fer_data/data/
             SUBSET   : 24 by 24 points (LONGITUDE-LATITUDE)
             TIME     : 16-SEP-1995 00:00
              113.8W 111.2W 108.8W 106.2W 103.8W 101.2W 98.8W  96.2W  93.8W  91.2W  88.8W  86.2W  83.8W  81.2W  78.8W  76.2W  73.8W  71.2W  68.8W  66.2W  63.8W  61.2W  58.8W  56.2W  
               27     28     29     30     31     32     33     34     35     36     37     38     39     40     41     42     43     44     45     46     47     48     49     50
 36.2N / 51:  298.3  296.9  296.9  290.2  292.7  296.9  296.9  296.9  297.4  297.8  296.9  295.0  292.7  292.7  295.5  297.4  296.9  297.4  297.4  297.4  298.3  298.7  299.2  299.2
 33.8N / 50:  303.6  303.6  293.6  292.7  295.0  298.7  300.5  300.5  301.4  299.6  299.6  297.8  297.4  297.4  297.8  299.6  299.2  298.7  298.7  298.7  299.2  299.6  300.1  300.1
 31.2N / 49:  305.8  305.8  298.7  297.4  297.8  298.7  301.4  301.4  301.4  301.9  301.9  301.0  300.1  299.6  300.5  300.5  300.5  300.5  300.1  299.6  300.1  300.1  300.1  300.5
 28.8N / 48:  304.9  302.8  302.8  293.6  301.0  301.9  304.9  303.2  302.3  302.3  302.3  301.9  302.3  303.2  301.9  301.9  301.4  301.0  301.0  300.5  300.5  300.5  300.1  301.0
 26.2N / 47:  302.8  304.9  297.4  297.4  296.0  297.8  305.3  302.8  302.3  302.8  302.8  302.8  302.8  303.2  302.8  302.3  301.9  301.9  301.4  301.4  301.4  301.0  301.0  301.0
 23.8N / 46:  301.4  303.6  302.8  290.2  290.2  292.2  298.7  303.2  302.8  303.2  303.2  302.8  303.6  303.6  303.6  302.8  302.8  302.3  301.9  301.9  301.4  301.4  301.4  301.4
 21.2N / 45:  301.0  301.9  302.3  302.8  294.6  291.7  301.9  302.8  302.3  303.2  303.2  303.2  303.6  304.0  304.5  303.6  303.2  303.2  301.9  301.4  301.4  301.4  301.4  301.0
 18.8N / 44:  301.9  301.9  302.3  302.3  301.4  296.9  293.6  300.1  303.2  302.8  302.3  303.2  303.6  303.6  303.2  303.2  304.0  302.8  302.3  302.3  302.3  301.4  301.4  301.4
 16.2N / 43:  301.9  301.9  302.3  302.3  302.8  303.2  302.8  300.5  299.2  300.5  300.5  302.8  302.8  303.2  303.2  303.2  302.8  302.8  302.8  302.3  301.9  302.3  302.3  301.4
 13.8N / 42:  301.9  301.9  301.9  302.3  302.8  302.8  302.8  301.4  301.9  301.4  299.6  296.5  301.9  302.8  303.2  302.8  302.8  303.2  302.8  302.3  302.8  302.8  302.3  301.9
 11.2N / 41:  301.0  301.0  301.0  301.0  302.3  301.9  301.9  301.4  302.3  301.9  301.4  302.3  303.2  302.8  302.8  303.2  304.0  303.6  304.0  303.6  302.8  302.8  302.8  302.3
 8.8N  / 40:  299.6  300.5  300.5  300.5  301.0  300.1  300.1  300.5  300.5  300.1  300.1  300.5  301.0  301.0  302.3  301.9  301.9  301.0  300.5  301.9  301.9  302.3  302.8  302.3
 6.2N  / 39:  298.7  298.7  298.3  298.3  299.2  299.2  298.3  298.3  299.2  299.2  299.2  300.1  300.1  300.1  300.5  298.3  298.3  299.6  301.4  299.2  299.2  300.5  301.4  302.3
 3.8N  / 38:  298.3  297.4  296.9  297.4  297.4  296.9  297.4  296.9  297.4  296.9  297.8  296.9  297.4  298.3  298.7  293.6  296.9  301.0  301.4  299.2  297.8  300.1  301.0  299.6
 1.2N  / 37:  296.5  296.0  296.0  296.0  295.5  295.0  295.5  294.6  295.0  295.5  295.5  295.0  296.0  297.4  296.0  296.5  298.3  300.1  301.0  300.5  300.5  302.8  301.4  300.5
 1.2S  / 36:  295.5  295.5  295.0  295.0  295.0  294.6  294.6  294.1  294.1  295.0  294.1  293.6  293.6  296.0  295.5  299.6  300.1  300.5  301.9  301.0  301.0  301.9  301.9  302.3
 3.8S  / 35:  295.5  295.5  295.0  295.5  295.0  294.6  294.6  294.1  294.1  293.6  293.6  293.2  293.2  296.9  293.6  300.1  301.4  301.0  301.4  301.4  301.9  302.3  301.9  301.9
 6.2S  / 34:  296.0  296.0  295.5  295.0  295.0  294.6  294.6  294.6  294.6  293.6  293.2  293.2  292.7  294.1  293.6  297.8  301.4  301.4  301.0  301.9  302.3  301.4  301.4  301.4
 8.8S  / 33:  295.5  295.5  295.5  295.0  294.6  294.6  294.6  294.6  294.1  293.2  293.2  293.2  293.2  293.2  294.1  289.8  299.2  301.0  301.4  301.0  301.9  301.9  301.0  300.5
 11.2S / 32:  295.5  295.5  295.0  295.0  294.6  294.1  294.6  293.6  294.1  293.6  293.2  292.7  292.7  292.2  291.2  289.3  298.7  300.5  301.4  301.0  300.5  300.1  300.1  300.5
 13.8S / 31:  295.5  295.0  295.0  294.6  294.6  294.1  293.6  293.6  293.6  293.2  293.6  293.2  292.7  293.2  293.2  290.7  282.2  283.7  300.5  302.3  301.9  300.1  301.4  301.4
 16.2S / 30:  294.6  294.1  294.1  294.1  293.6  293.2  293.2  293.2  292.7  292.7  292.7  292.2  291.7  292.2  291.2  292.2  289.8  287.3  286.3  295.0  302.3  302.8  303.6  301.9
 18.8S / 29:  294.1  294.1  293.6  293.2  293.2  292.7  292.2  292.2  292.2  291.2  292.2  292.2  292.7  292.2  293.2  291.2  292.2  290.2  274.4  274.4  290.7  302.8  303.2  303.6
 21.2S / 28:  294.1  293.2  293.2  292.7  292.2  292.2  291.2  290.7  291.2  290.7  290.7  291.2  290.7  291.7  291.2  292.2  290.7  293.6  282.2  282.7  300.1  302.8  301.9  300.1
