             VARIABLE : Mean Near-surface air temperature (kelvin)
             FILENAME : ISCCPMonthly_avg.nc
             FILEPATH : /usr/local/fer_data/data/
             SUBSET   : 24 by 24 points (LONGITUDE-LATITUDE)
             TIME     : 16-DEC-1996 00:00
              113.8W 111.2W 108.8W 106.2W 103.8W 101.2W 98.8W  96.2W  93.8W  91.2W  88.8W  86.2W  83.8W  81.2W  78.8W  76.2W  73.8W  71.2W  68.8W  66.2W  63.8W  61.2W  58.8W  56.2W  
               27     28     29     30     31     32     33     34     35     36     37     38     39     40     41     42     43     44     45     46     47     48     49     50
 36.2N / 51:  278.9  280.0  280.0  275.0  278.4  282.7  283.7  283.7  284.2  284.7  283.7  282.7  281.1  281.1  284.7  285.8  287.8  287.8  287.8  289.8  289.8  289.8  289.8  289.8
 33.8N / 50:  287.3  287.3  281.6  281.1  283.7  286.3  287.3  287.3  287.3  286.3  286.3  284.7  285.8  285.8  289.3  289.8  290.2  289.8  290.7  290.7  290.7  290.7  290.7  291.2
 31.2N / 49:  292.2  292.2  288.8  286.3  283.7  286.8  288.8  289.8  289.8  288.8  288.8  289.3  289.3  290.7  292.7  292.7  292.2  291.2  291.7  291.7  292.2  292.2  292.2  291.7
 28.8N / 48:  294.6  292.7  292.7  284.2  289.8  288.8  291.7  291.2  291.7  291.7  291.7  291.7  291.2  292.2  293.6  294.1  293.2  293.2  293.2  293.2  293.2  292.7  293.6  292.7
 26.2N / 47:  296.5  296.5  292.2  292.2  290.7  288.8  294.1  293.6  293.2  293.6  293.6  295.0  295.0  294.6  296.0  295.5  295.0  294.6  294.6  294.6  294.1  294.6  294.6  294.1
 23.8N / 46:  296.5  297.8  296.5  291.2  291.2  290.2  294.1  295.5  295.5  296.0  296.0  296.5  296.9  296.9  296.5  296.9  296.9  296.5  296.0  296.0  296.0  295.5  296.0  295.5
 21.2N / 45:  296.0  297.4  297.4  299.2  293.6  289.3  296.0  297.8  296.9  298.7  298.7  297.4  297.8  297.8  298.7  298.7  298.3  298.3  296.9  296.9  296.9  296.9  296.9  297.4
 18.8N / 44:  297.8  297.8  297.8  299.2  299.6  296.9  292.2  296.0  297.4  297.8  298.3  298.7  298.3  299.2  299.2  298.7  300.1  298.3  298.3  298.3  297.8  297.4  298.3  298.3
 16.2N / 43:  298.3  298.7  299.6  300.5  301.0  301.4  300.5  298.7  296.9  295.0  295.0  298.7  299.2  299.6  299.6  299.6  299.6  299.2  299.2  299.6  299.2  299.2  298.7  299.2
 13.8N / 42:  299.2  299.6  300.1  300.5  301.0  301.0  301.0  300.5  300.1  301.4  298.3  295.5  299.2  299.6  300.1  299.6  299.6  299.6  299.6  300.1  299.6  300.1  299.6  299.6
 11.2N / 41:  299.6  299.6  300.1  300.1  300.1  300.1  300.1  300.1  300.5  300.5  300.1  300.5  299.2  300.1  300.1  301.4  300.5  301.4  300.5  300.5  300.5  300.5  300.5  300.1
 8.8N  / 40:  299.6  300.1  299.6  299.2  299.2  299.6  299.2  299.6  299.6  299.2  299.2  299.6  301.0  300.1  301.0  301.0  301.4  299.2  300.1  302.3  301.0  300.1  301.0  301.4
 6.2N  / 39:  299.2  298.3  299.2  299.2  298.7  298.7  298.7  298.7  298.7  298.3  299.2  299.2  299.6  300.1  300.5  297.8  297.8  299.6  300.1  297.8  297.4  296.9  298.7  301.0
 3.8N  / 38:  296.9  296.9  296.9  296.5  296.0  296.5  296.5  296.5  296.5  297.4  297.4  297.8  298.7  298.7  297.8  292.2  295.5  299.6  299.2  296.9  294.6  298.3  300.1  298.3
 1.2N  / 37:  296.0  296.0  295.5  295.0  295.5  295.5  295.0  295.5  295.5  296.0  296.0  296.0  296.5  297.4  293.2  296.0  297.8  299.2  299.6  299.2  299.2  300.5  300.5  300.1
 1.2S  / 36:  295.5  296.0  295.5  295.5  295.0  295.0  294.6  295.0  294.6  295.5  295.0  295.0  295.5  297.4  286.8  297.8  300.5  300.5  300.5  301.0  300.5  301.0  300.5  301.4
 3.8S  / 35:  296.5  296.5  296.5  296.5  296.0  295.5  295.5  295.0  295.0  296.0  295.5  295.5  295.0  296.0  287.8  297.8  299.2  299.6  300.5  301.0  301.4  301.0  301.4  300.5
 6.2S  / 34:  297.4  296.9  296.5  296.5  296.5  296.5  296.0  296.0  296.0  295.5  296.0  296.0  295.5  295.5  289.3  295.5  300.1  300.1  300.1  300.5  301.0  300.5  301.0  300.1
 8.8S  / 33:  297.4  297.4  296.9  296.5  296.5  296.0  296.0  295.5  295.5  295.0  295.0  296.0  295.5  296.0  295.5  287.3  297.8  299.6  299.6  299.6  300.5  300.5  300.1  299.6
 11.2S / 32:  297.8  297.4  296.9  296.9  296.0  296.0  295.5  295.5  295.0  294.6  295.0  295.5  295.0  295.5  295.0  283.2  296.0  300.1  300.5  300.5  300.1  299.6  299.6  299.6
 13.8S / 31:  297.8  296.9  296.5  296.0  295.0  295.5  295.0  295.0  294.6  294.6  295.0  294.6  294.6  295.0  295.5  295.0  279.5  285.2  300.5  303.2  300.5  296.9  299.2  298.7
 16.2S / 30:  296.5  296.5  296.0  295.5  295.0  295.0  295.0  294.6  294.6  294.1  294.1  294.1  294.1  294.1  294.1  294.6  293.6  287.3  278.4  291.7  301.4  301.9  300.5  301.9
 18.8S / 29:  296.0  296.0  296.0  295.0  295.0  294.6  294.6  294.1  294.1  293.6  293.6  293.6  293.6  294.1  294.1  294.6  295.5  293.2  279.5  279.5  291.7  302.8  301.4  302.3
 21.2S / 28:  295.5  295.5  295.0  295.0  294.1  294.6  294.1  294.1  293.6  293.6  293.6  293.6  293.6  293.6  293.6  294.1  293.6  295.5  282.7  281.1  299.6  301.9  300.1  298.7
