             VARIABLE : Mean Near-surface air temperature (kelvin)
             FILENAME : ISCCPMonthly_avg.nc
             FILEPATH : /usr/local/fer_data/data/
             SUBSET   : 24 by 24 points (LONGITUDE-LATITUDE)
             TIME     : 16-JAN-1998 00:00
              113.8W 111.2W 108.8W 106.2W 103.8W 101.2W 98.8W  96.2W  93.8W  91.2W  88.8W  86.2W  83.8W  81.2W  78.8W  76.2W  73.8W  71.2W  68.8W  66.2W  63.8W  61.2W  58.8W  56.2W  
               27     28     29     30     31     32     33     34     35     36     37     38     39     40     41     42     43     44     45     46     47     48     49     50
 36.2N / 51:  280.0  277.3  277.3  275.6  276.1  281.6  282.7  282.7  283.7  282.2  282.7  282.2  280.5  280.5  283.2  283.7  286.8  287.3  287.3  287.8  288.8  288.3  288.3  288.3
 33.8N / 50:  287.3  287.3  280.5  280.0  279.5  284.2  285.2  285.2  284.7  285.2  285.8  284.7  285.8  285.8  285.2  287.3  288.8  289.3  289.3  289.3  289.8  288.8  289.3  289.8
 31.2N / 49:  291.7  291.7  285.8  285.8  286.3  285.8  287.8  288.8  288.8  288.8  288.3  288.3  289.3  288.3  289.8  289.8  292.2  292.2  291.2  291.2  291.2  291.2  291.2  290.7
 28.8N / 48:  293.2  291.2  291.2  286.3  290.7  290.2  291.7  290.2  290.2  290.2  290.2  291.7  290.2  292.2  292.7  293.2  293.2  293.2  293.2  293.2  293.2  293.2  292.7  293.2
 26.2N / 47:  294.6  295.5  290.2  290.2  292.7  293.2  294.1  293.2  293.2  293.6  294.1  294.6  294.6  294.6  295.5  295.0  296.0  295.5  296.0  296.0  295.5  295.0  295.0  295.0
 23.8N / 46:  294.1  296.5  297.4  287.3  287.3  290.2  292.7  295.0  295.0  295.0  295.5  297.4  296.5  296.9  297.4  296.9  296.9  296.9  296.9  297.8  297.8  296.9  297.4  296.9
 21.2N / 45:  294.6  296.0  296.9  297.4  298.3  295.5  295.0  296.0  296.0  298.3  298.3  298.7  298.7  299.2  299.6  300.1  299.2  299.2  298.7  298.7  298.7  298.3  297.8  297.4
 18.8N / 44:  296.0  296.0  297.8  298.7  299.6  296.9  294.1  296.5  297.4  298.3  298.3  298.7  299.2  299.6  299.6  299.6  300.1  299.2  299.6  299.6  299.6  298.7  298.7  298.3
 16.2N / 43:  297.4  297.8  299.2  300.1  301.0  300.5  299.6  298.7  295.0  296.9  296.9  299.2  299.6  299.6  299.2  299.6  299.6  299.2  299.2  299.2  299.2  299.2  298.7  298.3
 13.8N / 42:  298.3  298.7  299.6  300.1  300.5  301.0  301.0  301.0  301.4  301.4  299.2  294.6  299.6  299.6  299.6  299.6  299.6  299.2  299.2  299.2  299.2  299.2  299.2  299.2
 11.2N / 41:  299.2  299.6  300.1  300.5  300.5  301.0  301.0  301.0  301.0  301.4  301.4  302.8  300.1  300.1  300.1  301.4  303.2  303.6  299.2  299.2  299.2  298.7  298.7  299.2
 8.8N  / 40:  300.5  300.1  301.0  301.4  301.4  301.0  301.0  301.4  301.4  301.4  301.4  302.3  303.2  302.8  301.9  301.0  304.5  302.3  301.4  304.9  303.2  301.0  298.7  298.7
 6.2N  / 39:  301.0  301.0  301.4  301.4  301.4  301.4  301.4  301.4  301.9  301.9  302.3  302.3  302.8  302.3  301.0  298.3  299.2  301.9  303.6  298.7  296.9  297.4  297.8  298.7
 3.8N  / 38:  301.9  301.9  301.9  301.9  301.9  301.9  301.9  301.9  301.9  302.3  301.9  302.3  301.9  301.0  300.5  298.7  300.5  302.8  301.4  298.7  295.0  298.3  299.6  296.5
 1.2N  / 37:  301.4  301.4  301.4  301.9  301.4  301.9  301.9  302.3  301.9  301.9  301.9  301.4  301.0  301.0  297.8  296.0  298.3  301.0  301.0  300.5  298.7  301.0  299.2  298.3
 1.2S  / 36:  301.0  301.0  301.4  301.4  301.0  301.0  301.9  301.4  301.4  301.4  301.4  301.4  301.0  301.4  291.7  299.6  299.6  301.0  300.5  300.1  300.1  299.6  299.6  301.0
 3.8S  / 35:  301.0  301.4  300.5  300.5  300.1  301.0  301.4  301.4  301.4  301.4  301.4  300.5  301.0  301.0  288.3  298.3  299.6  300.5  300.1  300.1  301.4  301.4  301.4  301.4
 6.2S  / 34:  301.4  300.5  300.1  300.1  300.5  300.1  300.1  300.1  300.1  300.5  300.1  300.5  300.5  301.0  293.2  296.5  300.5  300.1  301.0  301.4  299.6  300.5  301.0  300.5
 8.8S  / 33:  300.1  300.1  300.1  300.1  299.6  299.6  299.6  299.2  299.6  300.1  300.1  300.1  300.1  300.5  301.0  290.2  300.5  301.4  301.0  301.9  301.0  301.9  300.1  301.0
 11.2S / 32:  299.2  299.6  299.2  299.2  298.3  298.7  298.3  298.7  298.7  298.7  299.6  299.6  300.1  300.5  299.2  286.3  299.6  300.1  300.5  300.5  301.0  300.1  300.1  300.5
 13.8S / 31:  298.7  298.7  297.8  297.8  297.8  297.8  296.9  297.8  297.4  297.8  298.3  298.7  299.2  299.2  299.6  297.4  286.3  293.6  300.1  301.9  300.5  299.2  300.1  299.6
 16.2S / 30:  298.3  298.3  298.3  297.4  296.9  297.8  296.5  297.4  296.5  296.0  296.0  296.5  296.9  297.8  297.8  297.8  297.8  292.2  282.7  294.1  301.4  301.4  301.9  302.8
 18.8S / 29:  296.9  296.9  297.4  296.9  296.9  296.0  296.9  296.5  296.9  296.0  295.5  295.5  296.0  296.5  297.8  297.8  300.1  295.0  285.8  285.8  294.1  303.2  303.2  304.5
 21.2S / 28:  296.9  296.5  296.9  296.5  295.5  295.5  295.5  295.5  295.5  296.0  296.0  295.5  296.0  295.0  296.5  297.4  298.3  298.7  288.8  288.3  301.9  305.3  303.2  302.3
